date,datetime,event_type,event_name,sponsorship,address,event_id,event_url,rank,player_id,player_name,deck_id,card_id,card_name,count
2023-03-18,2023-03-18 11:00:00,シティリーグ,シティリーグ2023 シーズン3 オープンリーグ,トーナメントセンターバトロコ　水戸駅前,茨城県,77521,/event/detail/77521/result,1,0003539987,ひび,S2XyXy-cB7xiz-ppXMXy,42574,サーナイトex,2
2023-03-18,2023-03-18 11:00:00,シティリーグ,シティリーグ2023 シーズン3 オープンリーグ,トーナメントセンターバトロコ　水戸駅前,茨城県,77521,/event/detail/77521/result,1,0003539987,ひび,S2XyXy-cB7xiz-ppXMXy,41027,サーナイト,3
2023-03-18,2023-03-18 11:00:00,シティリーグ,シティリーグ2023 シーズン3 オープンリーグ,トーナメントセンターバトロコ　水戸駅前,茨城県,77521,/event/detail/77521/result,1,0003539987,ひび,S2XyXy-cB7xiz-ppXMXy,41998,キルリア,3
2023-03-18,2023-03-18 11:00:00,シティリーグ,シティリーグ2023 シーズン3 オープンリーグ,トーナメントセンターバトロコ　水戸駅前,茨城県,77521,/event/detail/77521/result,1,0003539987,ひび,S2XyXy-cB7xiz-ppXMXy,40657,キルリア,1
2023-03-18,2023-03-18 11:00:00,シティリーグ,シティリーグ2023 シーズン3 オープンリーグ,トーナメントセンターバトロコ　水戸駅前,茨城県,77521,/event/detail/77521/result,1,0003539987,ひび,S2XyXy-cB7xiz-ppXMXy,41218,ラルトス,4
2023-03-18,2023-03-18 11:00:00,シティリーグ,シティリーグ2023 シーズン3 オープンリーグ,トーナメントセンターバトロコ　水戸駅前,茨城県,77521,/event/detail/77521/result,1,0003539987,ひび,S2XyXy-cB7xiz-ppXMXy,42669,クレッフィ,3
2023-03-18,2023-03-18 11:00:00,シティリーグ,シティリーグ2023 シーズン3 オープンリーグ,トーナメントセンターバトロコ　水戸駅前,茨城県,77521,/event/detail/77521/result,1,0003539987,ひび,S2XyXy-cB7xiz-ppXMXy,42328,ザシアンV,1
2023-03-18,2023-03-18 11:00:00,シティリーグ,シティリーグ2023 シーズン3 オープンリーグ,トーナメントセンターバトロコ　水戸駅前,茨城県,77521,/event/detail/77521/result,1,0003539987,ひび,S2XyXy-cB7xiz-ppXMXy,42326,ブリムオンV,1
2023-03-18,2023-03-18 11:00:00,シティリーグ,シティリーグ2023 シーズン3 オープンリーグ,トーナメントセンターバトロコ　水戸駅前,茨城県,77521,/event/detail/77521/result,1,0003539987,ひび,S2XyXy-cB7xiz-ppXMXy,42294,かがやくゲッコウガ,1
2023-03-18,2023-03-18 11:00:00,シティリーグ,シティリーグ2023 シーズン3 オープンリーグ,トーナメントセンターバトロコ　水戸駅前,茨城県,77521,/event/detail/77521/result,1,0003539987,ひび,S2XyXy-cB7xiz-ppXMXy,40053,バトルVIPパス,4
2023-03-18,2023-03-18 11:00:00,シティリーグ,シティリーグ2023 シーズン3 オープンリーグ,トーナメントセンターバトロコ　水戸駅前,茨城県,77521,/event/detail/77521/result,1,0003539987,ひび,S2XyXy-cB7xiz-ppXMXy,42799,霧の水晶,4
2023-03-18,2023-03-18 11:00:00,シティリーグ,シティリーグ2023 シーズン3 オープンリーグ,トーナメントセンターバトロコ　水戸駅前,茨城県,77521,/event/detail/77521/result,1,0003539987,ひび,S2XyXy-cB7xiz-ppXMXy,42801,レベルボール,4
2023-03-18,2023-03-18 11:00:00,シティリーグ,シティリーグ2023 シーズン3 オープンリーグ,トーナメントセンターバトロコ　水戸駅前,茨城県,77521,/event/detail/77521/result,1,0003539987,ひび,S2XyXy-cB7xiz-ppXMXy,41120,ハイパーボール,2
2023-03-18,2023-03-18 11:00:00,シティリーグ,シティリーグ2023 シーズン3 オープンリーグ,トーナメントセンターバトロコ　水戸駅前,茨城県,77521,/event/detail/77521/result,1,0003539987,ひび,S2XyXy-cB7xiz-ppXMXy,42800,ヒスイのヘビーボール,1
2023-03-18,2023-03-18 11:00:00,シティリーグ,シティリーグ2023 シーズン3 オープンリーグ,トーナメントセンターバトロコ　水戸駅前,茨城県,77521,/event/detail/77521/result,1,0003539987,ひび,S2XyXy-cB7xiz-ppXMXy,41121,ふしぎなアメ,2
2023-03-18,2023-03-18 11:00:00,シティリーグ,シティリーグ2023 シーズン3 オープンリーグ,トーナメントセンターバトロコ　水戸駅前,茨城県,77521,/event/detail/77521/result,1,0003539987,ひび,S2XyXy-cB7xiz-ppXMXy,36838,ともだちてちょう,1
2023-03-18,2023-03-18 11:00:00,シティリーグ,シティリーグ2023 シーズン3 オープンリーグ,トーナメントセンターバトロコ　水戸駅前,茨城県,77521,/event/detail/77521/result,1,0003539987,ひび,S2XyXy-cB7xiz-ppXMXy,42407,空の封印石,1
2023-03-18,2023-03-18 11:00:00,シティリーグ,シティリーグ2023 シーズン3 オープンリーグ,トーナメントセンターバトロコ　水戸駅前,茨城県,77521,/event/detail/77521/result,1,0003539987,ひび,S2XyXy-cB7xiz-ppXMXy,42024,ジャッジマン,2
2023-03-18,2023-03-18 11:00:00,シティリーグ,シティリーグ2023 シーズン3 オープンリーグ,トーナメントセンターバトロコ　水戸駅前,茨城県,77521,/event/detail/77521/result,1,0003539987,ひび,S2XyXy-cB7xiz-ppXMXy,42809,ヒガナの決意,2
2023-03-18,2023-03-18 11:00:00,シティリーグ,シティリーグ2023 シーズン3 オープンリーグ,トーナメントセンターバトロコ　水戸駅前,茨城県,77521,/event/detail/77521/result,1,0003539987,ひび,S2XyXy-cB7xiz-ppXMXy,42253,ボスの指令（アカギ）,2
2023-03-18,2023-03-18 11:00:00,シティリーグ,シティリーグ2023 シーズン3 オープンリーグ,トーナメントセンターバトロコ　水戸駅前,茨城県,77521,/event/detail/77521/result,1,0003539987,ひび,S2XyXy-cB7xiz-ppXMXy,39335,セイボリー,1
2023-03-18,2023-03-18 11:00:00,シティリーグ,シティリーグ2023 シーズン3 オープンリーグ,トーナメントセンターバトロコ　水戸駅前,茨城県,77521,/event/detail/77521/result,1,0003539987,ひび,S2XyXy-cB7xiz-ppXMXy,42805,クララ,1
2023-03-18,2023-03-18 11:00:00,シティリーグ,シティリーグ2023 シーズン3 オープンリーグ,トーナメントセンターバトロコ　水戸駅前,茨城県,77521,/event/detail/77521/result,1,0003539987,ひび,S2XyXy-cB7xiz-ppXMXy,42185,さぎょういん,1
2023-03-18,2023-03-18 11:00:00,シティリーグ,シティリーグ2023 シーズン3 オープンリーグ,トーナメントセンターバトロコ　水戸駅前,茨城県,77521,/event/detail/77521/result,1,0003539987,ひび,S2XyXy-cB7xiz-ppXMXy,43035,ボウルタウン,2
2023-03-18,2023-03-18 11:00:00,シティリーグ,シティリーグ2023 シーズン3 オープンリーグ,トーナメントセンターバトロコ　水戸駅前,茨城県,77521,/event/detail/77521/result,1,0003539987,ひび,S2XyXy-cB7xiz-ppXMXy,41946,基本超エネルギー,11
2023-03-18,2023-03-18 11:00:00,シティリーグ,シティリーグ2023 シーズン3 オープンリーグ,トーナメントセンターバトロコ　水戸駅前,茨城県,77521,/event/detail/77521/result,2,0035360108,aoshi,nNNQnN-dbybpQ-giLgiN,42837,キュワワー,4
2023-03-18,2023-03-18 11:00:00,シティリーグ,シティリーグ2023 シーズン3 オープンリーグ,トーナメントセンターバトロコ　水戸駅前,茨城県,77521,/event/detail/77521/result,2,0035360108,aoshi,nNNQnN-dbybpQ-giLgiN,41837,ウッウ,2
2023-03-18,2023-03-18 11:00:00,シティリーグ,シティリーグ2023 シーズン3 オープンリーグ,トーナメントセンターバトロコ　水戸駅前,茨城県,77521,/event/detail/77521/result,2,0035360108,aoshi,nNNQnN-dbybpQ-giLgiN,41848,ヤミラミ,2
2023-03-18,2023-03-18 11:00:00,シティリーグ,シティリーグ2023 シーズン3 オープンリーグ,トーナメントセンターバトロコ　水戸駅前,茨城県,77521,/event/detail/77521/result,2,0035360108,aoshi,nNNQnN-dbybpQ-giLgiN,42294,かがやくゲッコウガ,1
2023-03-18,2023-03-18 11:00:00,シティリーグ,シティリーグ2023 シーズン3 オープンリーグ,トーナメントセンターバトロコ　水戸駅前,茨城県,77521,/event/detail/77521/result,2,0035360108,aoshi,nNNQnN-dbybpQ-giLgiN,42849,ミルタンク,1
2023-03-18,2023-03-18 11:00:00,シティリーグ,シティリーグ2023 シーズン3 オープンリーグ,トーナメントセンターバトロコ　水戸駅前,茨城県,77521,/event/detail/77521/result,2,0035360108,aoshi,nNNQnN-dbybpQ-giLgiN,42828,マナフィ,1
2023-03-18,2023-03-18 11:00:00,シティリーグ,シティリーグ2023 シーズン3 オープンリーグ,トーナメントセンターバトロコ　水戸駅前,茨城県,77521,/event/detail/77521/result,2,0035360108,aoshi,nNNQnN-dbybpQ-giLgiN,40078,イベルタル,1
2023-03-18,2023-03-18 11:00:00,シティリーグ,シティリーグ2023 シーズン3 オープンリーグ,トーナメントセンターバトロコ　水戸駅前,茨城県,77521,/event/detail/77521/result,2,0035360108,aoshi,nNNQnN-dbybpQ-giLgiN,42082,ドラピオンV,1
2023-03-18,2023-03-18 11:00:00,シティリーグ,シティリーグ2023 シーズン3 オープンリーグ,トーナメントセンターバトロコ　水戸駅前,茨城県,77521,/event/detail/77521/result,2,0035360108,aoshi,nNNQnN-dbybpQ-giLgiN,39350,ガラル サンダーV,1
2023-03-18,2023-03-18 11:00:00,シティリーグ,シティリーグ2023 シーズン3 オープンリーグ,トーナメントセンターバトロコ　水戸駅前,茨城県,77521,/event/detail/77521/result,2,0035360108,aoshi,nNNQnN-dbybpQ-giLgiN,40053,バトルVIPパス,4
2023-03-18,2023-03-18 11:00:00,シティリーグ,シティリーグ2023 シーズン3 オープンリーグ,トーナメントセンターバトロコ　水戸駅前,茨城県,77521,/event/detail/77521/result,2,0035360108,aoshi,nNNQnN-dbybpQ-giLgiN,36611,ネストボール,3
2023-03-18,2023-03-18 11:00:00,シティリーグ,シティリーグ2023 シーズン3 オープンリーグ,トーナメントセンターバトロコ　水戸駅前,茨城県,77521,/event/detail/77521/result,2,0035360108,aoshi,nNNQnN-dbybpQ-giLgiN,41421,いれかえカート,4
2023-03-18,2023-03-18 11:00:00,シティリーグ,シティリーグ2023 シーズン3 オープンリーグ,トーナメントセンターバトロコ　水戸駅前,茨城県,77521,/event/detail/77521/result,2,0035360108,aoshi,nNNQnN-dbybpQ-giLgiN,36591,あなぬけのヒモ,3
2023-03-18,2023-03-18 11:00:00,シティリーグ,シティリーグ2023 シーズン3 オープンリーグ,トーナメントセンターバトロコ　水戸駅前,茨城県,77521,/event/detail/77521/result,2,0035360108,aoshi,nNNQnN-dbybpQ-giLgiN,42407,空の封印石,1
2023-03-18,2023-03-18 11:00:00,シティリーグ,シティリーグ2023 シーズン3 オープンリーグ,トーナメントセンターバトロコ　水戸駅前,茨城県,77521,/event/detail/77521/result,2,0035360108,aoshi,nNNQnN-dbybpQ-giLgiN,42402,ミラージュゲート,4
2023-03-18,2023-03-18 11:00:00,シティリーグ,シティリーグ2023 シーズン3 オープンリーグ,トーナメントセンターバトロコ　水戸駅前,茨城県,77521,/event/detail/77521/result,2,0035360108,aoshi,nNNQnN-dbybpQ-giLgiN,36839,ポケギア3.0,2
2023-03-18,2023-03-18 11:00:00,シティリーグ,シティリーグ2023 シーズン3 オープンリーグ,トーナメントセンターバトロコ　水戸駅前,茨城県,77521,/event/detail/77521/result,2,0035360108,aoshi,nNNQnN-dbybpQ-giLgiN,33380,エネルギーリサイクル,2
2023-03-18,2023-03-18 11:00:00,シティリーグ,シティリーグ2023 シーズン3 オープンリーグ,トーナメントセンターバトロコ　水戸駅前,茨城県,77521,/event/detail/77521/result,2,0035360108,aoshi,nNNQnN-dbybpQ-giLgiN,42495,ヒスイのヘビーボール,1
2023-03-18,2023-03-18 11:00:00,シティリーグ,シティリーグ2023 シーズン3 オープンリーグ,トーナメントセンターバトロコ　水戸駅前,茨城県,77521,/event/detail/77521/result,2,0035360108,aoshi,nNNQnN-dbybpQ-giLgiN,42088,アクロマの実験,4
2023-03-18,2023-03-18 11:00:00,シティリーグ,シティリーグ2023 シーズン3 オープンリーグ,トーナメントセンターバトロコ　水戸駅前,茨城県,77521,/event/detail/77521/result,2,0035360108,aoshi,nNNQnN-dbybpQ-giLgiN,42887,キバナ,2
2023-03-18,2023-03-18 11:00:00,シティリーグ,シティリーグ2023 シーズン3 オープンリーグ,トーナメントセンターバトロコ　水戸駅前,茨城県,77521,/event/detail/77521/result,2,0035360108,aoshi,nNNQnN-dbybpQ-giLgiN,42900,ボスの指令（アカギ）,1
2023-03-18,2023-03-18 11:00:00,シティリーグ,シティリーグ2023 シーズン3 オープンリーグ,トーナメントセンターバトロコ　水戸駅前,茨城県,77521,/event/detail/77521/result,2,0035360108,aoshi,nNNQnN-dbybpQ-giLgiN,42805,クララ,2
2023-03-18,2023-03-18 11:00:00,シティリーグ,シティリーグ2023 シーズン3 オープンリーグ,トーナメントセンターバトロコ　水戸駅前,茨城県,77521,/event/detail/77521/result,2,0035360108,aoshi,nNNQnN-dbybpQ-giLgiN,43035,ボウルタウン,2
2023-03-18,2023-03-18 11:00:00,シティリーグ,シティリーグ2023 シーズン3 オープンリーグ,トーナメントセンターバトロコ　水戸駅前,茨城県,77521,/event/detail/77521/result,2,0035360108,aoshi,nNNQnN-dbybpQ-giLgiN,42946,基本水エネルギー,4
2023-03-18,2023-03-18 11:00:00,シティリーグ,シティリーグ2023 シーズン3 オープンリーグ,トーナメントセンターバトロコ　水戸駅前,茨城県,77521,/event/detail/77521/result,2,0035360108,aoshi,nNNQnN-dbybpQ-giLgiN,42948,基本超エネルギー,3
2023-03-18,2023-03-18 11:00:00,シティリーグ,シティリーグ2023 シーズン3 オープンリーグ,トーナメントセンターバトロコ　水戸駅前,茨城県,77521,/event/detail/77521/result,2,0035360108,aoshi,nNNQnN-dbybpQ-giLgiN,42949,基本闘エネルギー,2
2023-03-18,2023-03-18 11:00:00,シティリーグ,シティリーグ2023 シーズン3 オープンリーグ,トーナメントセンターバトロコ　水戸駅前,茨城県,77521,/event/detail/77521/result,2,0035360108,aoshi,nNNQnN-dbybpQ-giLgiN,43037,ジェットエネルギー,2
2023-03-18,2023-03-18 11:00:00,シティリーグ,シティリーグ2023 シーズン3 オープンリーグ,トーナメントセンターバトロコ　水戸駅前,茨城県,77521,/event/detail/77521/result,3,0000742788,ミズゴロゴロ,UyUMMp-jCIHEe-yXMp2X,41853,キュワワー,4
2023-03-18,2023-03-18 11:00:00,シティリーグ,シティリーグ2023 シーズン3 オープンリーグ,トーナメントセンターバトロコ　水戸駅前,茨城県,77521,/event/detail/77521/result,3,0000742788,ミズゴロゴロ,UyUMMp-jCIHEe-yXMp2X,41837,ウッウ,2
2023-03-18,2023-03-18 11:00:00,シティリーグ,シティリーグ2023 シーズン3 オープンリーグ,トーナメントセンターバトロコ　水戸駅前,茨城県,77521,/event/detail/77521/result,3,0000742788,ミズゴロゴロ,UyUMMp-jCIHEe-yXMp2X,41848,ヤミラミ,2
2023-03-18,2023-03-18 11:00:00,シティリーグ,シティリーグ2023 シーズン3 オープンリーグ,トーナメントセンターバトロコ　水戸駅前,茨城県,77521,/event/detail/77521/result,3,0000742788,ミズゴロゴロ,UyUMMp-jCIHEe-yXMp2X,42290,マナフィ,1
2023-03-18,2023-03-18 11:00:00,シティリーグ,シティリーグ2023 シーズン3 オープンリーグ,トーナメントセンターバトロコ　水戸駅前,茨城県,77521,/event/detail/77521/result,3,0000742788,ミズゴロゴロ,UyUMMp-jCIHEe-yXMp2X,42294,かがやくゲッコウガ,1
2023-03-18,2023-03-18 11:00:00,シティリーグ,シティリーグ2023 シーズン3 オープンリーグ,トーナメントセンターバトロコ　水戸駅前,茨城県,77521,/event/detail/77521/result,3,0000742788,ミズゴロゴロ,UyUMMp-jCIHEe-yXMp2X,40072,カイオーガ,1
2023-03-18,2023-03-18 11:00:00,シティリーグ,シティリーグ2023 シーズン3 オープンリーグ,トーナメントセンターバトロコ　水戸駅前,茨城県,77521,/event/detail/77521/result,3,0000742788,ミズゴロゴロ,UyUMMp-jCIHEe-yXMp2X,41577,カビゴン,1
2023-03-18,2023-03-18 11:00:00,シティリーグ,シティリーグ2023 シーズン3 オープンリーグ,トーナメントセンターバトロコ　水戸駅前,茨城県,77521,/event/detail/77521/result,3,0000742788,ミズゴロゴロ,UyUMMp-jCIHEe-yXMp2X,40053,バトルVIPパス,4
2023-03-18,2023-03-18 11:00:00,シティリーグ,シティリーグ2023 シーズン3 オープンリーグ,トーナメントセンターバトロコ　水戸駅前,茨城県,77521,/event/detail/77521/result,3,0000742788,ミズゴロゴロ,UyUMMp-jCIHEe-yXMp2X,36611,ネストボール,2
2023-03-18,2023-03-18 11:00:00,シティリーグ,シティリーグ2023 シーズン3 オープンリーグ,トーナメントセンターバトロコ　水戸駅前,茨城県,77521,/event/detail/77521/result,3,0000742788,ミズゴロゴロ,UyUMMp-jCIHEe-yXMp2X,42800,ヒスイのヘビーボール,1
2023-03-18,2023-03-18 11:00:00,シティリーグ,シティリーグ2023 シーズン3 オープンリーグ,トーナメントセンターバトロコ　水戸駅前,茨城県,77521,/event/detail/77521/result,3,0000742788,ミズゴロゴロ,UyUMMp-jCIHEe-yXMp2X,41421,いれかえカート,4
2023-03-18,2023-03-18 11:00:00,シティリーグ,シティリーグ2023 シーズン3 オープンリーグ,トーナメントセンターバトロコ　水戸駅前,茨城県,77521,/event/detail/77521/result,3,0000742788,ミズゴロゴロ,UyUMMp-jCIHEe-yXMp2X,40832,あなぬけのヒモ,3
2023-03-18,2023-03-18 11:00:00,シティリーグ,シティリーグ2023 シーズン3 オープンリーグ,トーナメントセンターバトロコ　水戸駅前,茨城県,77521,/event/detail/77521/result,3,0000742788,ミズゴロゴロ,UyUMMp-jCIHEe-yXMp2X,42402,ミラージュゲート,3
2023-03-18,2023-03-18 11:00:00,シティリーグ,シティリーグ2023 シーズン3 オープンリーグ,トーナメントセンターバトロコ　水戸駅前,茨城県,77521,/event/detail/77521/result,3,0000742788,ミズゴロゴロ,UyUMMp-jCIHEe-yXMp2X,40836,エネルギーリサイクル,3
2023-03-18,2023-03-18 11:00:00,シティリーグ,シティリーグ2023 シーズン3 オープンリーグ,トーナメントセンターバトロコ　水戸駅前,茨城県,77521,/event/detail/77521/result,3,0000742788,ミズゴロゴロ,UyUMMp-jCIHEe-yXMp2X,42405,ロストスイーパー,2
2023-03-18,2023-03-18 11:00:00,シティリーグ,シティリーグ2023 シーズン3 オープンリーグ,トーナメントセンターバトロコ　水戸駅前,茨城県,77521,/event/detail/77521/result,3,0000742788,ミズゴロゴロ,UyUMMp-jCIHEe-yXMp2X,42406,こだわりベルト,3
2023-03-18,2023-03-18 11:00:00,シティリーグ,シティリーグ2023 シーズン3 オープンリーグ,トーナメントセンターバトロコ　水戸駅前,茨城県,77521,/event/detail/77521/result,3,0000742788,ミズゴロゴロ,UyUMMp-jCIHEe-yXMp2X,43107,ポケギア3.0,1
2023-03-18,2023-03-18 11:00:00,シティリーグ,シティリーグ2023 シーズン3 オープンリーグ,トーナメントセンターバトロコ　水戸駅前,茨城県,77521,/event/detail/77521/result,3,0000742788,ミズゴロゴロ,UyUMMp-jCIHEe-yXMp2X,42409,アクロマの実験,4
2023-03-18,2023-03-18 11:00:00,シティリーグ,シティリーグ2023 シーズン3 オープンリーグ,トーナメントセンターバトロコ　水戸駅前,茨城県,77521,/event/detail/77521/result,3,0000742788,ミズゴロゴロ,UyUMMp-jCIHEe-yXMp2X,42805,クララ,2
2023-03-18,2023-03-18 11:00:00,シティリーグ,シティリーグ2023 シーズン3 オープンリーグ,トーナメントセンターバトロコ　水戸駅前,茨城県,77521,/event/detail/77521/result,3,0000742788,ミズゴロゴロ,UyUMMp-jCIHEe-yXMp2X,42807,ツツジ,1
2023-03-18,2023-03-18 11:00:00,シティリーグ,シティリーグ2023 シーズン3 オープンリーグ,トーナメントセンターバトロコ　水戸駅前,茨城県,77521,/event/detail/77521/result,3,0000742788,ミズゴロゴロ,UyUMMp-jCIHEe-yXMp2X,42422,ボスの指令（アカギ）,1
2023-03-18,2023-03-18 11:00:00,シティリーグ,シティリーグ2023 シーズン3 オープンリーグ,トーナメントセンターバトロコ　水戸駅前,茨城県,77521,/event/detail/77521/result,3,0000742788,ミズゴロゴロ,UyUMMp-jCIHEe-yXMp2X,43035,ボウルタウン,2
2023-03-18,2023-03-18 11:00:00,シティリーグ,シティリーグ2023 シーズン3 オープンリーグ,トーナメントセンターバトロコ　水戸駅前,茨城県,77521,/event/detail/77521/result,3,0000742788,ミズゴロゴロ,UyUMMp-jCIHEe-yXMp2X,42938,基本水エネルギー,6
2023-03-18,2023-03-18 11:00:00,シティリーグ,シティリーグ2023 シーズン3 オープンリーグ,トーナメントセンターバトロコ　水戸駅前,茨城県,77521,/event/detail/77521/result,3,0000742788,ミズゴロゴロ,UyUMMp-jCIHEe-yXMp2X,41148,基本超エネルギー,4
2023-03-18,2023-03-18 11:00:00,シティリーグ,シティリーグ2023 シーズン3 オープンリーグ,トーナメントセンターバトロコ　水戸駅前,茨城県,77521,/event/detail/77521/result,3,0000742788,ミズゴロゴロ,UyUMMp-jCIHEe-yXMp2X,43037,ジェットエネルギー,2
2023-03-18,2023-03-18 11:00:00,シティリーグ,シティリーグ2023 シーズン3 オープンリーグ,トーナメントセンターバトロコ　水戸駅前,茨城県,77521,/event/detail/77521/result,3,0011268503,すこ,6nLQQn-2LDufU-gNLnNN,41853,キュワワー,4
2023-03-18,2023-03-18 11:00:00,シティリーグ,シティリーグ2023 シーズン3 オープンリーグ,トーナメントセンターバトロコ　水戸駅前,茨城県,77521,/event/detail/77521/result,3,0011268503,すこ,6nLQQn-2LDufU-gNLnNN,39695,ガラル ファイヤー,2
2023-03-18,2023-03-18 11:00:00,シティリーグ,シティリーグ2023 シーズン3 オープンリーグ,トーナメントセンターバトロコ　水戸駅前,茨城県,77521,/event/detail/77521/result,3,0011268503,すこ,6nLQQn-2LDufU-gNLnNN,41848,ヤミラミ,2
2023-03-18,2023-03-18 11:00:00,シティリーグ,シティリーグ2023 シーズン3 オープンリーグ,トーナメントセンターバトロコ　水戸駅前,茨城県,77521,/event/detail/77521/result,3,0011268503,すこ,6nLQQn-2LDufU-gNLnNN,41837,ウッウ,2
2023-03-18,2023-03-18 11:00:00,シティリーグ,シティリーグ2023 シーズン3 オープンリーグ,トーナメントセンターバトロコ　水戸駅前,茨城県,77521,/event/detail/77521/result,3,0011268503,すこ,6nLQQn-2LDufU-gNLnNN,41212,かがやくゲッコウガ,1
2023-03-18,2023-03-18 11:00:00,シティリーグ,シティリーグ2023 シーズン3 オープンリーグ,トーナメントセンターバトロコ　水戸駅前,茨城県,77521,/event/detail/77521/result,3,0011268503,すこ,6nLQQn-2LDufU-gNLnNN,41770,カビゴン,1
2023-03-18,2023-03-18 11:00:00,シティリーグ,シティリーグ2023 シーズン3 オープンリーグ,トーナメントセンターバトロコ　水戸駅前,茨城県,77521,/event/detail/77521/result,3,0011268503,すこ,6nLQQn-2LDufU-gNLnNN,42290,マナフィ,1
2023-03-18,2023-03-18 11:00:00,シティリーグ,シティリーグ2023 シーズン3 オープンリーグ,トーナメントセンターバトロコ　水戸駅前,茨城県,77521,/event/detail/77521/result,3,0011268503,すこ,6nLQQn-2LDufU-gNLnNN,42591,ルチャブル,1
2023-03-18,2023-03-18 11:00:00,シティリーグ,シティリーグ2023 シーズン3 オープンリーグ,トーナメントセンターバトロコ　水戸駅前,茨城県,77521,/event/detail/77521/result,3,0011268503,すこ,6nLQQn-2LDufU-gNLnNN,40053,バトルVIPパス,3
2023-03-18,2023-03-18 11:00:00,シティリーグ,シティリーグ2023 シーズン3 オープンリーグ,トーナメントセンターバトロコ　水戸駅前,茨城県,77521,/event/detail/77521/result,3,0011268503,すこ,6nLQQn-2LDufU-gNLnNN,36240,ネストボール,3
2023-03-18,2023-03-18 11:00:00,シティリーグ,シティリーグ2023 シーズン3 オープンリーグ,トーナメントセンターバトロコ　水戸駅前,茨城県,77521,/event/detail/77521/result,3,0011268503,すこ,6nLQQn-2LDufU-gNLnNN,36612,ハイパーボール,2
2023-03-18,2023-03-18 11:00:00,シティリーグ,シティリーグ2023 シーズン3 オープンリーグ,トーナメントセンターバトロコ　水戸駅前,茨城県,77521,/event/detail/77521/result,3,0011268503,すこ,6nLQQn-2LDufU-gNLnNN,41490,ヒスイのヘビーボール,1
2023-03-18,2023-03-18 11:00:00,シティリーグ,シティリーグ2023 シーズン3 オープンリーグ,トーナメントセンターバトロコ　水戸駅前,茨城県,77521,/event/detail/77521/result,3,0011268503,すこ,6nLQQn-2LDufU-gNLnNN,40832,あなぬけのヒモ,4
2023-03-18,2023-03-18 11:00:00,シティリーグ,シティリーグ2023 シーズン3 オープンリーグ,トーナメントセンターバトロコ　水戸駅前,茨城県,77521,/event/detail/77521/result,3,0011268503,すこ,6nLQQn-2LDufU-gNLnNN,41421,いれかえカート,4
2023-03-18,2023-03-18 11:00:00,シティリーグ,シティリーグ2023 シーズン3 オープンリーグ,トーナメントセンターバトロコ　水戸駅前,茨城県,77521,/event/detail/77521/result,3,0011268503,すこ,6nLQQn-2LDufU-gNLnNN,41896,ミラージュゲート,4
2023-03-18,2023-03-18 11:00:00,シティリーグ,シティリーグ2023 シーズン3 オープンリーグ,トーナメントセンターバトロコ　水戸駅前,茨城県,77521,/event/detail/77521/result,3,0011268503,すこ,6nLQQn-2LDufU-gNLnNN,36839,ポケギア3.0,2
2023-03-18,2023-03-18 11:00:00,シティリーグ,シティリーグ2023 シーズン3 オープンリーグ,トーナメントセンターバトロコ　水戸駅前,茨城県,77521,/event/detail/77521/result,3,0011268503,すこ,6nLQQn-2LDufU-gNLnNN,40836,エネルギーリサイクル,2
2023-03-18,2023-03-18 11:00:00,シティリーグ,シティリーグ2023 シーズン3 オープンリーグ,トーナメントセンターバトロコ　水戸駅前,茨城県,77521,/event/detail/77521/result,3,0011268503,すこ,6nLQQn-2LDufU-gNLnNN,42802,ロストスイーパー,1
2023-03-18,2023-03-18 11:00:00,シティリーグ,シティリーグ2023 シーズン3 オープンリーグ,トーナメントセンターバトロコ　水戸駅前,茨城県,77521,/event/detail/77521/result,3,0011268503,すこ,6nLQQn-2LDufU-gNLnNN,42088,アクロマの実験,4
2023-03-18,2023-03-18 11:00:00,シティリーグ,シティリーグ2023 シーズン3 オープンリーグ,トーナメントセンターバトロコ　水戸駅前,茨城県,77521,/event/detail/77521/result,3,0011268503,すこ,6nLQQn-2LDufU-gNLnNN,39357,クララ,2
2023-03-18,2023-03-18 11:00:00,シティリーグ,シティリーグ2023 シーズン3 オープンリーグ,トーナメントセンターバトロコ　水戸駅前,茨城県,77521,/event/detail/77521/result,3,0011268503,すこ,6nLQQn-2LDufU-gNLnNN,41096,ボスの指令（フラダリ）,1
2023-03-18,2023-03-18 11:00:00,シティリーグ,シティリーグ2023 シーズン3 オープンリーグ,トーナメントセンターバトロコ　水戸駅前,茨城県,77521,/event/detail/77521/result,3,0011268503,すこ,6nLQQn-2LDufU-gNLnNN,41509,ツツジ,1
2023-03-18,2023-03-18 11:00:00,シティリーグ,シティリーグ2023 シーズン3 オープンリーグ,トーナメントセンターバトロコ　水戸駅前,茨城県,77521,/event/detail/77521/result,3,0011268503,すこ,6nLQQn-2LDufU-gNLnNN,42624,ビーチコート,2
2023-03-18,2023-03-18 11:00:00,シティリーグ,シティリーグ2023 シーズン3 オープンリーグ,トーナメントセンターバトロコ　水戸駅前,茨城県,77521,/event/detail/77521/result,3,0011268503,すこ,6nLQQn-2LDufU-gNLnNN,40490,基本悪エネルギー,4
2023-03-18,2023-03-18 11:00:00,シティリーグ,シティリーグ2023 シーズン3 オープンリーグ,トーナメントセンターバトロコ　水戸駅前,茨城県,77521,/event/detail/77521/result,3,0011268503,すこ,6nLQQn-2LDufU-gNLnNN,40486,基本水エネルギー,3
2023-03-18,2023-03-18 11:00:00,シティリーグ,シティリーグ2023 シーズン3 オープンリーグ,トーナメントセンターバトロコ　水戸駅前,茨城県,77521,/event/detail/77521/result,3,0011268503,すこ,6nLQQn-2LDufU-gNLnNN,40488,基本超エネルギー,3
2023-03-18,2023-03-18 11:00:00,シティリーグ,シティリーグ2023 シーズン3 オープンリーグ,トーナメントセンターバトロコ　水戸駅前,茨城県,77521,/event/detail/77521/result,5,0010563128,モクロー,gNLggN-lN2SLi-6NNnii,41776,ヒスイ ゾロアークV,4
2023-03-18,2023-03-18 11:00:00,シティリーグ,シティリーグ2023 シーズン3 オープンリーグ,トーナメントセンターバトロコ　水戸駅前,茨城県,77521,/event/detail/77521/result,5,0010563128,モクロー,gNLggN-lN2SLi-6NNnii,41581,ヒスイ ゾロアークVSTAR,4
2023-03-18,2023-03-18 11:00:00,シティリーグ,シティリーグ2023 シーズン3 オープンリーグ,トーナメントセンターバトロコ　水戸駅前,茨城県,77521,/event/detail/77521/result,5,0010563128,モクロー,gNLggN-lN2SLi-6NNnii,41767,ゲンガー,3
2023-03-18,2023-03-18 11:00:00,シティリーグ,シティリーグ2023 シーズン3 オープンリーグ,トーナメントセンターバトロコ　水戸駅前,茨城県,77521,/event/detail/77521/result,5,0010563128,モクロー,gNLggN-lN2SLi-6NNnii,42854,ビッパ,2
2023-03-18,2023-03-18 11:00:00,シティリーグ,シティリーグ2023 シーズン3 オープンリーグ,トーナメントセンターバトロコ　水戸駅前,茨城県,77521,/event/detail/77521/result,5,0010563128,モクロー,gNLggN-lN2SLi-6NNnii,42850,ビーダル,2
2023-03-18,2023-03-18 11:00:00,シティリーグ,シティリーグ2023 シーズン3 オープンリーグ,トーナメントセンターバトロコ　水戸駅前,茨城県,77521,/event/detail/77521/result,5,0010563128,モクロー,gNLggN-lN2SLi-6NNnii,42848,ノコッチ,1
2023-03-18,2023-03-18 11:00:00,シティリーグ,シティリーグ2023 シーズン3 オープンリーグ,トーナメントセンターバトロコ　水戸駅前,茨城県,77521,/event/detail/77521/result,5,0010563128,モクロー,gNLggN-lN2SLi-6NNnii,42836,ディアンシー,1
2023-03-18,2023-03-18 11:00:00,シティリーグ,シティリーグ2023 シーズン3 オープンリーグ,トーナメントセンターバトロコ　水戸駅前,茨城県,77521,/event/detail/77521/result,5,0010563128,モクロー,gNLggN-lN2SLi-6NNnii,42828,マナフィ,1
2023-03-18,2023-03-18 11:00:00,シティリーグ,シティリーグ2023 シーズン3 オープンリーグ,トーナメントセンターバトロコ　水戸駅前,茨城県,77521,/event/detail/77521/result,5,0010563128,モクロー,gNLggN-lN2SLi-6NNnii,42339,かがやくルチャブル,1
2023-03-18,2023-03-18 11:00:00,シティリーグ,シティリーグ2023 シーズン3 オープンリーグ,トーナメントセンターバトロコ　水戸駅前,茨城県,77521,/event/detail/77521/result,5,0010563128,モクロー,gNLggN-lN2SLi-6NNnii,42399,ハイパーボール,4
2023-03-18,2023-03-18 11:00:00,シティリーグ,シティリーグ2023 シーズン3 オープンリーグ,トーナメントセンターバトロコ　水戸駅前,茨城県,77521,/event/detail/77521/result,5,0010563128,モクロー,gNLggN-lN2SLi-6NNnii,42021,キャプチャーアロマ,4
2023-03-18,2023-03-18 11:00:00,シティリーグ,シティリーグ2023 シーズン3 オープンリーグ,トーナメントセンターバトロコ　水戸駅前,茨城県,77521,/event/detail/77521/result,5,0010563128,モクロー,gNLggN-lN2SLi-6NNnii,42787,ネストボール,1
2023-03-18,2023-03-18 11:00:00,シティリーグ,シティリーグ2023 シーズン3 オープンリーグ,トーナメントセンターバトロコ　水戸駅前,茨城県,77521,/event/detail/77521/result,5,0010563128,モクロー,gNLggN-lN2SLi-6NNnii,42800,ヒスイのヘビーボール,1
2023-03-18,2023-03-18 11:00:00,シティリーグ,シティリーグ2023 シーズン3 オープンリーグ,トーナメントセンターバトロコ　水戸駅前,茨城県,77521,/event/detail/77521/result,5,0010563128,モクロー,gNLggN-lN2SLi-6NNnii,41633,ダメージポンプ,4
2023-03-18,2023-03-18 11:00:00,シティリーグ,シティリーグ2023 シーズン3 オープンリーグ,トーナメントセンターバトロコ　水戸駅前,茨城県,77521,/event/detail/77521/result,5,0010563128,モクロー,gNLggN-lN2SLi-6NNnii,42022,ポケモンいれかえ,3
2023-03-18,2023-03-18 11:00:00,シティリーグ,シティリーグ2023 シーズン3 オープンリーグ,トーナメントセンターバトロコ　水戸駅前,茨城県,77521,/event/detail/77521/result,5,0010563128,モクロー,gNLggN-lN2SLi-6NNnii,41916,こだわりベルト,2
2023-03-18,2023-03-18 11:00:00,シティリーグ,シティリーグ2023 シーズン3 オープンリーグ,トーナメントセンターバトロコ　水戸駅前,茨城県,77521,/event/detail/77521/result,5,0010563128,モクロー,gNLggN-lN2SLi-6NNnii,36439,ともだちてちょう,1
2023-03-18,2023-03-18 11:00:00,シティリーグ,シティリーグ2023 シーズン3 オープンリーグ,トーナメントセンターバトロコ　水戸駅前,茨城県,77521,/event/detail/77521/result,5,0010563128,モクロー,gNLggN-lN2SLi-6NNnii,40289,やまびこホーン,1
2023-03-18,2023-03-18 11:00:00,シティリーグ,シティリーグ2023 シーズン3 オープンリーグ,トーナメントセンターバトロコ　水戸駅前,茨城県,77521,/event/detail/77521/result,5,0010563128,モクロー,gNLggN-lN2SLi-6NNnii,40846,ポケモンキャッチャー,2
2023-03-18,2023-03-18 11:00:00,シティリーグ,シティリーグ2023 シーズン3 オープンリーグ,トーナメントセンターバトロコ　水戸駅前,茨城県,77521,/event/detail/77521/result,5,0010563128,モクロー,gNLggN-lN2SLi-6NNnii,41094,博士の研究（アララギ博士）,3
2023-03-18,2023-03-18 11:00:00,シティリーグ,シティリーグ2023 シーズン3 オープンリーグ,トーナメントセンターバトロコ　水戸駅前,茨城県,77521,/event/detail/77521/result,5,0010563128,モクロー,gNLggN-lN2SLi-6NNnii,42071,セレナ,2
2023-03-18,2023-03-18 11:00:00,シティリーグ,シティリーグ2023 シーズン3 オープンリーグ,トーナメントセンターバトロコ　水戸駅前,茨城県,77521,/event/detail/77521/result,5,0010563128,モクロー,gNLggN-lN2SLi-6NNnii,38821,ボスの指令（サカキ）,2
2023-03-18,2023-03-18 11:00:00,シティリーグ,シティリーグ2023 シーズン3 オープンリーグ,トーナメントセンターバトロコ　水戸駅前,茨城県,77521,/event/detail/77521/result,5,0010563128,モクロー,gNLggN-lN2SLi-6NNnii,42024,ジャッジマン,1
2023-03-18,2023-03-18 11:00:00,シティリーグ,シティリーグ2023 シーズン3 オープンリーグ,トーナメントセンターバトロコ　水戸駅前,茨城県,77521,/event/detail/77521/result,5,0010563128,モクロー,gNLggN-lN2SLi-6NNnii,42807,ツツジ,1
2023-03-18,2023-03-18 11:00:00,シティリーグ,シティリーグ2023 シーズン3 オープンリーグ,トーナメントセンターバトロコ　水戸駅前,茨城県,77521,/event/detail/77521/result,5,0010563128,モクロー,gNLggN-lN2SLi-6NNnii,42891,チェレンの気くばり,1
2023-03-18,2023-03-18 11:00:00,シティリーグ,シティリーグ2023 シーズン3 オープンリーグ,トーナメントセンターバトロコ　水戸駅前,茨城県,77521,/event/detail/77521/result,5,0010563128,モクロー,gNLggN-lN2SLi-6NNnii,41428,大口の沼,4
2023-03-18,2023-03-18 11:00:00,シティリーグ,シティリーグ2023 シーズン3 オープンリーグ,トーナメントセンターバトロコ　水戸駅前,茨城県,77521,/event/detail/77521/result,5,0010563128,モクロー,gNLggN-lN2SLi-6NNnii,42074,ダブルターボエネルギー,4
2023-03-18,2023-03-18 11:00:00,シティリーグ,シティリーグ2023 シーズン3 オープンリーグ,トーナメントセンターバトロコ　水戸駅前,茨城県,77521,/event/detail/77521/result,5,0013407500,やくるとん,pM2pyX-fy2PNd-3ESXSy,42171,ルギアV,4
2023-03-18,2023-03-18 11:00:00,シティリーグ,シティリーグ2023 シーズン3 オープンリーグ,トーナメントセンターバトロコ　水戸駅前,茨城県,77521,/event/detail/77521/result,5,0013407500,やくるとん,pM2pyX-fy2PNd-3ESXSy,42172,ルギアVSTAR,4
2023-03-18,2023-03-18 11:00:00,シティリーグ,シティリーグ2023 シーズン3 オープンリーグ,トーナメントセンターバトロコ　水戸駅前,茨城県,77521,/event/detail/77521/result,5,0013407500,やくるとん,pM2pyX-fy2PNd-3ESXSy,42175,アーケオス,4
2023-03-18,2023-03-18 11:00:00,シティリーグ,シティリーグ2023 シーズン3 オープンリーグ,トーナメントセンターバトロコ　水戸駅前,茨城県,77521,/event/detail/77521/result,5,0013407500,やくるとん,pM2pyX-fy2PNd-3ESXSy,41927,ネオラントV,2
2023-03-18,2023-03-18 11:00:00,シティリーグ,シティリーグ2023 シーズン3 オープンリーグ,トーナメントセンターバトロコ　水戸駅前,茨城県,77521,/event/detail/77521/result,5,0013407500,やくるとん,pM2pyX-fy2PNd-3ESXSy,39584,バンギラスV,2
2023-03-18,2023-03-18 11:00:00,シティリーグ,シティリーグ2023 シーズン3 オープンリーグ,トーナメントセンターバトロコ　水戸駅前,茨城県,77521,/event/detail/77521/result,5,0013407500,やくるとん,pM2pyX-fy2PNd-3ESXSy,40723,イシヘンジン,2
2023-03-18,2023-03-18 11:00:00,シティリーグ,シティリーグ2023 シーズン3 オープンリーグ,トーナメントセンターバトロコ　水戸駅前,茨城県,77521,/event/detail/77521/result,5,0013407500,やくるとん,pM2pyX-fy2PNd-3ESXSy,41970,かがやくアマージョ,1
2023-03-18,2023-03-18 11:00:00,シティリーグ,シティリーグ2023 シーズン3 オープンリーグ,トーナメントセンターバトロコ　水戸駅前,茨城県,77521,/event/detail/77521/result,5,0013407500,やくるとん,pM2pyX-fy2PNd-3ESXSy,42346,ドラピオンV,1
2023-03-18,2023-03-18 11:00:00,シティリーグ,シティリーグ2023 シーズン3 オープンリーグ,トーナメントセンターバトロコ　水戸駅前,茨城県,77521,/event/detail/77521/result,5,0013407500,やくるとん,pM2pyX-fy2PNd-3ESXSy,41333,ハイパーボール,4
2023-03-18,2023-03-18 11:00:00,シティリーグ,シティリーグ2023 シーズン3 オープンリーグ,トーナメントセンターバトロコ　水戸駅前,茨城県,77521,/event/detail/77521/result,5,0013407500,やくるとん,pM2pyX-fy2PNd-3ESXSy,42021,キャプチャーアロマ,4
2023-03-18,2023-03-18 11:00:00,シティリーグ,シティリーグ2023 シーズン3 オープンリーグ,トーナメントセンターバトロコ　水戸駅前,茨城県,77521,/event/detail/77521/result,5,0013407500,やくるとん,pM2pyX-fy2PNd-3ESXSy,39545,活力の壺,2
2023-03-18,2023-03-18 11:00:00,シティリーグ,シティリーグ2023 シーズン3 オープンリーグ,トーナメントセンターバトロコ　水戸駅前,茨城県,77521,/event/detail/77521/result,5,0013407500,やくるとん,pM2pyX-fy2PNd-3ESXSy,42766,ネストボール,2
2023-03-18,2023-03-18 11:00:00,シティリーグ,シティリーグ2023 シーズン3 オープンリーグ,トーナメントセンターバトロコ　水戸駅前,茨城県,77521,/event/detail/77521/result,5,0013407500,やくるとん,pM2pyX-fy2PNd-3ESXSy,42071,セレナ,2
2023-03-18,2023-03-18 11:00:00,シティリーグ,シティリーグ2023 シーズン3 オープンリーグ,トーナメントセンターバトロコ　水戸駅前,茨城県,77521,/event/detail/77521/result,5,0013407500,やくるとん,pM2pyX-fy2PNd-3ESXSy,39551,博士の研究（アララギ博士）,4
2023-03-18,2023-03-18 11:00:00,シティリーグ,シティリーグ2023 シーズン3 オープンリーグ,トーナメントセンターバトロコ　水戸駅前,茨城県,77521,/event/detail/77521/result,5,0013407500,やくるとん,pM2pyX-fy2PNd-3ESXSy,39924,バーネット博士,1
2023-03-18,2023-03-18 11:00:00,シティリーグ,シティリーグ2023 シーズン3 オープンリーグ,トーナメントセンターバトロコ　水戸駅前,茨城県,77521,/event/detail/77521/result,5,0013407500,やくるとん,pM2pyX-fy2PNd-3ESXSy,40307,ボスの指令（フラダリ）,2
2023-03-18,2023-03-18 11:00:00,シティリーグ,シティリーグ2023 シーズン3 オープンリーグ,トーナメントセンターバトロコ　水戸駅前,茨城県,77521,/event/detail/77521/result,5,0013407500,やくるとん,pM2pyX-fy2PNd-3ESXSy,42772,ジャッジマン,1
2023-03-18,2023-03-18 11:00:00,シティリーグ,シティリーグ2023 シーズン3 オープンリーグ,トーナメントセンターバトロコ　水戸駅前,茨城県,77521,/event/detail/77521/result,5,0013407500,やくるとん,pM2pyX-fy2PNd-3ESXSy,41000,崩れたスタジアム,1
2023-03-18,2023-03-18 11:00:00,シティリーグ,シティリーグ2023 シーズン3 オープンリーグ,トーナメントセンターバトロコ　水戸駅前,茨城県,77521,/event/detail/77521/result,5,0013407500,やくるとん,pM2pyX-fy2PNd-3ESXSy,42702,テーブルシティ,3
2023-03-18,2023-03-18 11:00:00,シティリーグ,シティリーグ2023 シーズン3 オープンリーグ,トーナメントセンターバトロコ　水戸駅前,茨城県,77521,/event/detail/77521/result,5,0013407500,やくるとん,pM2pyX-fy2PNd-3ESXSy,42028,ダブルターボエネルギー,2
2023-03-18,2023-03-18 11:00:00,シティリーグ,シティリーグ2023 シーズン3 オープンリーグ,トーナメントセンターバトロコ　水戸駅前,茨城県,77521,/event/detail/77521/result,5,0013407500,やくるとん,pM2pyX-fy2PNd-3ESXSy,43037,ジェットエネルギー,4
2023-03-18,2023-03-18 11:00:00,シティリーグ,シティリーグ2023 シーズン3 オープンリーグ,トーナメントセンターバトロコ　水戸駅前,茨城県,77521,/event/detail/77521/result,5,0013407500,やくるとん,pM2pyX-fy2PNd-3ESXSy,39556,いちげきエネルギー,4
2023-03-18,2023-03-18 11:00:00,シティリーグ,シティリーグ2023 シーズン3 オープンリーグ,トーナメントセンターバトロコ　水戸駅前,茨城県,77521,/event/detail/77521/result,5,0013407500,やくるとん,pM2pyX-fy2PNd-3ESXSy,41904,ギフトエネルギー,2
2023-03-18,2023-03-18 11:00:00,シティリーグ,シティリーグ2023 シーズン3 オープンリーグ,トーナメントセンターバトロコ　水戸駅前,茨城県,77521,/event/detail/77521/result,5,0013407500,やくるとん,pM2pyX-fy2PNd-3ESXSy,42075,Vガードエネルギー,2
2023-03-18,2023-03-18 11:00:00,シティリーグ,シティリーグ2023 シーズン3 オープンリーグ,トーナメントセンターバトロコ　水戸駅前,茨城県,77521,/event/detail/77521/result,5,0005752144,しゃけのきりみ,DcaxcD-ke6kNd-xKDa88,41853,キュワワー,4
2023-03-18,2023-03-18 11:00:00,シティリーグ,シティリーグ2023 シーズン3 オープンリーグ,トーナメントセンターバトロコ　水戸駅前,茨城県,77521,/event/detail/77521/result,5,0005752144,しゃけのきりみ,DcaxcD-ke6kNd-xKDa88,41837,ウッウ,3
2023-03-18,2023-03-18 11:00:00,シティリーグ,シティリーグ2023 シーズン3 オープンリーグ,トーナメントセンターバトロコ　水戸駅前,茨城県,77521,/event/detail/77521/result,5,0005752144,しゃけのきりみ,DcaxcD-ke6kNd-xKDa88,41848,ヤミラミ,3
2023-03-18,2023-03-18 11:00:00,シティリーグ,シティリーグ2023 シーズン3 オープンリーグ,トーナメントセンターバトロコ　水戸駅前,茨城県,77521,/event/detail/77521/result,5,0005752144,しゃけのきりみ,DcaxcD-ke6kNd-xKDa88,40933,マナフィ,2
2023-03-18,2023-03-18 11:00:00,シティリーグ,シティリーグ2023 シーズン3 オープンリーグ,トーナメントセンターバトロコ　水戸駅前,茨城県,77521,/event/detail/77521/result,5,0005752144,しゃけのきりみ,DcaxcD-ke6kNd-xKDa88,42346,ドラピオンV,1
2023-03-18,2023-03-18 11:00:00,シティリーグ,シティリーグ2023 シーズン3 オープンリーグ,トーナメントセンターバトロコ　水戸駅前,茨城県,77521,/event/detail/77521/result,5,0005752144,しゃけのきりみ,DcaxcD-ke6kNd-xKDa88,42276,かがやくリザードン,1
2023-03-18,2023-03-18 11:00:00,シティリーグ,シティリーグ2023 シーズン3 オープンリーグ,トーナメントセンターバトロコ　水戸駅前,茨城県,77521,/event/detail/77521/result,5,0005752144,しゃけのきりみ,DcaxcD-ke6kNd-xKDa88,41897,ロストスイーパー,2
2023-03-18,2023-03-18 11:00:00,シティリーグ,シティリーグ2023 シーズン3 オープンリーグ,トーナメントセンターバトロコ　水戸駅前,茨城県,77521,/event/detail/77521/result,5,0005752144,しゃけのきりみ,DcaxcD-ke6kNd-xKDa88,40053,バトルVIPパス,4
2023-03-18,2023-03-18 11:00:00,シティリーグ,シティリーグ2023 シーズン3 オープンリーグ,トーナメントセンターバトロコ　水戸駅前,茨城県,77521,/event/detail/77521/result,5,0005752144,しゃけのきりみ,DcaxcD-ke6kNd-xKDa88,40832,あなぬけのヒモ,4
2023-03-18,2023-03-18 11:00:00,シティリーグ,シティリーグ2023 シーズン3 オープンリーグ,トーナメントセンターバトロコ　水戸駅前,茨城県,77521,/event/detail/77521/result,5,0005752144,しゃけのきりみ,DcaxcD-ke6kNd-xKDa88,41421,いれかえカート,4
2023-03-18,2023-03-18 11:00:00,シティリーグ,シティリーグ2023 シーズン3 オープンリーグ,トーナメントセンターバトロコ　水戸駅前,茨城県,77521,/event/detail/77521/result,5,0005752144,しゃけのきりみ,DcaxcD-ke6kNd-xKDa88,42401,ヒスイのヘビーボール,1
2023-03-18,2023-03-18 11:00:00,シティリーグ,シティリーグ2023 シーズン3 オープンリーグ,トーナメントセンターバトロコ　水戸駅前,茨城県,77521,/event/detail/77521/result,5,0005752144,しゃけのきりみ,DcaxcD-ke6kNd-xKDa88,40134,ポケギア3.0,2
2023-03-18,2023-03-18 11:00:00,シティリーグ,シティリーグ2023 シーズン3 オープンリーグ,トーナメントセンターバトロコ　水戸駅前,茨城県,77521,/event/detail/77521/result,5,0005752144,しゃけのきりみ,DcaxcD-ke6kNd-xKDa88,42787,ネストボール,4
2023-03-18,2023-03-18 11:00:00,シティリーグ,シティリーグ2023 シーズン3 オープンリーグ,トーナメントセンターバトロコ　水戸駅前,茨城県,77521,/event/detail/77521/result,5,0005752144,しゃけのきりみ,DcaxcD-ke6kNd-xKDa88,42406,こだわりベルト,4
2023-03-18,2023-03-18 11:00:00,シティリーグ,シティリーグ2023 シーズン3 オープンリーグ,トーナメントセンターバトロコ　水戸駅前,茨城県,77521,/event/detail/77521/result,5,0005752144,しゃけのきりみ,DcaxcD-ke6kNd-xKDa88,40289,やまびこホーン,1
2023-03-18,2023-03-18 11:00:00,シティリーグ,シティリーグ2023 シーズン3 オープンリーグ,トーナメントセンターバトロコ　水戸駅前,茨城県,77521,/event/detail/77521/result,5,0005752144,しゃけのきりみ,DcaxcD-ke6kNd-xKDa88,42402,ミラージュゲート,1
2023-03-18,2023-03-18 11:00:00,シティリーグ,シティリーグ2023 シーズン3 オープンリーグ,トーナメントセンターバトロコ　水戸駅前,茨城県,77521,/event/detail/77521/result,5,0005752144,しゃけのきりみ,DcaxcD-ke6kNd-xKDa88,42409,アクロマの実験,4
2023-03-18,2023-03-18 11:00:00,シティリーグ,シティリーグ2023 シーズン3 オープンリーグ,トーナメントセンターバトロコ　水戸駅前,茨城県,77521,/event/detail/77521/result,5,0005752144,しゃけのきりみ,DcaxcD-ke6kNd-xKDa88,40859,クララ,2
2023-03-18,2023-03-18 11:00:00,シティリーグ,シティリーグ2023 シーズン3 オープンリーグ,トーナメントセンターバトロコ　水戸駅前,茨城県,77521,/event/detail/77521/result,5,0005752144,しゃけのきりみ,DcaxcD-ke6kNd-xKDa88,42418,ツツジ,1
2023-03-18,2023-03-18 11:00:00,シティリーグ,シティリーグ2023 シーズン3 オープンリーグ,トーナメントセンターバトロコ　水戸駅前,茨城県,77521,/event/detail/77521/result,5,0005752144,しゃけのきりみ,DcaxcD-ke6kNd-xKDa88,39851,ボスの指令(サカキ),2
2023-03-18,2023-03-18 11:00:00,シティリーグ,シティリーグ2023 シーズン3 オープンリーグ,トーナメントセンターバトロコ　水戸駅前,茨城県,77521,/event/detail/77521/result,5,0005752144,しゃけのきりみ,DcaxcD-ke6kNd-xKDa88,43035,ボウルタウン,2
2023-03-18,2023-03-18 11:00:00,シティリーグ,シティリーグ2023 シーズン3 オープンリーグ,トーナメントセンターバトロコ　水戸駅前,茨城県,77521,/event/detail/77521/result,5,0005752144,しゃけのきりみ,DcaxcD-ke6kNd-xKDa88,41946,基本超エネルギー,3
2023-03-18,2023-03-18 11:00:00,シティリーグ,シティリーグ2023 シーズン3 オープンリーグ,トーナメントセンターバトロコ　水戸駅前,茨城県,77521,/event/detail/77521/result,5,0005752144,しゃけのきりみ,DcaxcD-ke6kNd-xKDa88,40883,基本炎エネルギー,2
2023-03-18,2023-03-18 11:00:00,シティリーグ,シティリーグ2023 シーズン3 オープンリーグ,トーナメントセンターバトロコ　水戸駅前,茨城県,77521,/event/detail/77521/result,5,0005752144,しゃけのきりみ,DcaxcD-ke6kNd-xKDa88,43037,ジェットエネルギー,3
2023-03-18,2023-03-18 11:00:00,シティリーグ,シティリーグ2023 シーズン3 オープンリーグ,トーナメントセンターバトロコ　水戸駅前,茨城県,77521,/event/detail/77521/result,5,0000917344,そふとん,nNLPNN-1R8Htv-nngnLn,41853,キュワワー,4
2023-03-18,2023-03-18 11:00:00,シティリーグ,シティリーグ2023 シーズン3 オープンリーグ,トーナメントセンターバトロコ　水戸駅前,茨城県,77521,/event/detail/77521/result,5,0000917344,そふとん,nNLPNN-1R8Htv-nngnLn,41837,ウッウ,3
2023-03-18,2023-03-18 11:00:00,シティリーグ,シティリーグ2023 シーズン3 オープンリーグ,トーナメントセンターバトロコ　水戸駅前,茨城県,77521,/event/detail/77521/result,5,0000917344,そふとん,nNLPNN-1R8Htv-nngnLn,41848,ヤミラミ,2
2023-03-18,2023-03-18 11:00:00,シティリーグ,シティリーグ2023 シーズン3 オープンリーグ,トーナメントセンターバトロコ　水戸駅前,茨城県,77521,/event/detail/77521/result,5,0000917344,そふとん,nNLPNN-1R8Htv-nngnLn,42290,マナフィ,1
2023-03-18,2023-03-18 11:00:00,シティリーグ,シティリーグ2023 シーズン3 オープンリーグ,トーナメントセンターバトロコ　水戸駅前,茨城県,77521,/event/detail/77521/result,5,0000917344,そふとん,nNLPNN-1R8Htv-nngnLn,42346,ドラピオンV,1
2023-03-18,2023-03-18 11:00:00,シティリーグ,シティリーグ2023 シーズン3 オープンリーグ,トーナメントセンターバトロコ　水戸駅前,茨城県,77521,/event/detail/77521/result,5,0000917344,そふとん,nNLPNN-1R8Htv-nngnLn,41692,かがやくリザードン,1
2023-03-18,2023-03-18 11:00:00,シティリーグ,シティリーグ2023 シーズン3 オープンリーグ,トーナメントセンターバトロコ　水戸駅前,茨城県,77521,/event/detail/77521/result,5,0000917344,そふとん,nNLPNN-1R8Htv-nngnLn,40053,バトルVIPパス,4
2023-03-18,2023-03-18 11:00:00,シティリーグ,シティリーグ2023 シーズン3 オープンリーグ,トーナメントセンターバトロコ　水戸駅前,茨城県,77521,/event/detail/77521/result,5,0000917344,そふとん,nNLPNN-1R8Htv-nngnLn,42787,ネストボール,3
2023-03-18,2023-03-18 11:00:00,シティリーグ,シティリーグ2023 シーズン3 オープンリーグ,トーナメントセンターバトロコ　水戸駅前,茨城県,77521,/event/detail/77521/result,5,0000917344,そふとん,nNLPNN-1R8Htv-nngnLn,41421,いれかえカート,4
2023-03-18,2023-03-18 11:00:00,シティリーグ,シティリーグ2023 シーズン3 オープンリーグ,トーナメントセンターバトロコ　水戸駅前,茨城県,77521,/event/detail/77521/result,5,0000917344,そふとん,nNLPNN-1R8Htv-nngnLn,40832,あなぬけのヒモ,4
2023-03-18,2023-03-18 11:00:00,シティリーグ,シティリーグ2023 シーズン3 オープンリーグ,トーナメントセンターバトロコ　水戸駅前,茨城県,77521,/event/detail/77521/result,5,0000917344,そふとん,nNLPNN-1R8Htv-nngnLn,40992,こだわりベルト,3
2023-03-18,2023-03-18 11:00:00,シティリーグ,シティリーグ2023 シーズン3 オープンリーグ,トーナメントセンターバトロコ　水戸駅前,茨城県,77521,/event/detail/77521/result,5,0000917344,そふとん,nNLPNN-1R8Htv-nngnLn,41897,ロストスイーパー,3
2023-03-18,2023-03-18 11:00:00,シティリーグ,シティリーグ2023 シーズン3 オープンリーグ,トーナメントセンターバトロコ　水戸駅前,茨城県,77521,/event/detail/77521/result,5,0000917344,そふとん,nNLPNN-1R8Htv-nngnLn,42402,ミラージュゲート,1
2023-03-18,2023-03-18 11:00:00,シティリーグ,シティリーグ2023 シーズン3 オープンリーグ,トーナメントセンターバトロコ　水戸駅前,茨城県,77521,/event/detail/77521/result,5,0000917344,そふとん,nNLPNN-1R8Htv-nngnLn,42800,ヒスイのヘビーボール,1
2023-03-18,2023-03-18 11:00:00,シティリーグ,シティリーグ2023 シーズン3 オープンリーグ,トーナメントセンターバトロコ　水戸駅前,茨城県,77521,/event/detail/77521/result,5,0000917344,そふとん,nNLPNN-1R8Htv-nngnLn,39331,やまびこホーン,1
2023-03-18,2023-03-18 11:00:00,シティリーグ,シティリーグ2023 シーズン3 オープンリーグ,トーナメントセンターバトロコ　水戸駅前,茨城県,77521,/event/detail/77521/result,5,0000917344,そふとん,nNLPNN-1R8Htv-nngnLn,42790,ポケギア3.0,3
2023-03-18,2023-03-18 11:00:00,シティリーグ,シティリーグ2023 シーズン3 オープンリーグ,トーナメントセンターバトロコ　水戸駅前,茨城県,77521,/event/detail/77521/result,5,0000917344,そふとん,nNLPNN-1R8Htv-nngnLn,42409,アクロマの実験,4
2023-03-18,2023-03-18 11:00:00,シティリーグ,シティリーグ2023 シーズン3 オープンリーグ,トーナメントセンターバトロコ　水戸駅前,茨城県,77521,/event/detail/77521/result,5,0000917344,そふとん,nNLPNN-1R8Htv-nngnLn,43034,ボスの指令（ゲーチス）,2
2023-03-18,2023-03-18 11:00:00,シティリーグ,シティリーグ2023 シーズン3 オープンリーグ,トーナメントセンターバトロコ　水戸駅前,茨城県,77521,/event/detail/77521/result,5,0000917344,そふとん,nNLPNN-1R8Htv-nngnLn,42805,クララ,2
2023-03-18,2023-03-18 11:00:00,シティリーグ,シティリーグ2023 シーズン3 オープンリーグ,トーナメントセンターバトロコ　水戸駅前,茨城県,77521,/event/detail/77521/result,5,0000917344,そふとん,nNLPNN-1R8Htv-nngnLn,42024,ジャッジマン,1
2023-03-18,2023-03-18 11:00:00,シティリーグ,シティリーグ2023 シーズン3 オープンリーグ,トーナメントセンターバトロコ　水戸駅前,茨城県,77521,/event/detail/77521/result,5,0000917344,そふとん,nNLPNN-1R8Htv-nngnLn,42807,ツツジ,1
2023-03-18,2023-03-18 11:00:00,シティリーグ,シティリーグ2023 シーズン3 オープンリーグ,トーナメントセンターバトロコ　水戸駅前,茨城県,77521,/event/detail/77521/result,5,0000917344,そふとん,nNLPNN-1R8Htv-nngnLn,43035,ボウルタウン,3
2023-03-18,2023-03-18 11:00:00,シティリーグ,シティリーグ2023 シーズン3 オープンリーグ,トーナメントセンターバトロコ　水戸駅前,茨城県,77521,/event/detail/77521/result,5,0000917344,そふとん,nNLPNN-1R8Htv-nngnLn,42783,基本超エネルギー,3
2023-03-18,2023-03-18 11:00:00,シティリーグ,シティリーグ2023 シーズン3 オープンリーグ,トーナメントセンターバトロコ　水戸駅前,茨城県,77521,/event/detail/77521/result,5,0000917344,そふとん,nNLPNN-1R8Htv-nngnLn,42780,基本炎エネルギー,2
2023-03-18,2023-03-18 11:00:00,シティリーグ,シティリーグ2023 シーズン3 オープンリーグ,トーナメントセンターバトロコ　水戸駅前,茨城県,77521,/event/detail/77521/result,5,0000917344,そふとん,nNLPNN-1R8Htv-nngnLn,43037,ジェットエネルギー,3
2023-03-18,2023-03-18 11:00:00,シティリーグ,シティリーグ2023 シーズン3 オープンリーグ,トーナメントセンターバトロコ　水戸駅前,茨城県,77521,/event/detail/77521/result,9,0002664031,クロカミ,pMXp2y-uQIbT2-M3yEXX,41884,ギラティナV,3
2023-03-18,2023-03-18 11:00:00,シティリーグ,シティリーグ2023 シーズン3 オープンリーグ,トーナメントセンターバトロコ　水戸駅前,茨城県,77521,/event/detail/77521/result,9,0002664031,クロカミ,pMXp2y-uQIbT2-M3yEXX,41885,ギラティナVSTAR,3
2023-03-18,2023-03-18 11:00:00,シティリーグ,シティリーグ2023 シーズン3 オープンリーグ,トーナメントセンターバトロコ　水戸駅前,茨城県,77521,/event/detail/77521/result,9,0002664031,クロカミ,pMXp2y-uQIbT2-M3yEXX,42462,キュワワー,4
2023-03-18,2023-03-18 11:00:00,シティリーグ,シティリーグ2023 シーズン3 オープンリーグ,トーナメントセンターバトロコ　水戸駅前,茨城県,77521,/event/detail/77521/result,9,0002664031,クロカミ,pMXp2y-uQIbT2-M3yEXX,41837,ウッウ,1
2023-03-18,2023-03-18 11:00:00,シティリーグ,シティリーグ2023 シーズン3 オープンリーグ,トーナメントセンターバトロコ　水戸駅前,茨城県,77521,/event/detail/77521/result,9,0002664031,クロカミ,pMXp2y-uQIbT2-M3yEXX,41848,ヤミラミ,2
2023-03-18,2023-03-18 11:00:00,シティリーグ,シティリーグ2023 シーズン3 オープンリーグ,トーナメントセンターバトロコ　水戸駅前,茨城県,77521,/event/detail/77521/result,9,0002664031,クロカミ,pMXp2y-uQIbT2-M3yEXX,42828,マナフィ,1
2023-03-18,2023-03-18 11:00:00,シティリーグ,シティリーグ2023 シーズン3 オープンリーグ,トーナメントセンターバトロコ　水戸駅前,茨城県,77521,/event/detail/77521/result,9,0002664031,クロカミ,pMXp2y-uQIbT2-M3yEXX,42294,かがやくゲッコウガ,1
2023-03-18,2023-03-18 11:00:00,シティリーグ,シティリーグ2023 シーズン3 オープンリーグ,トーナメントセンターバトロコ　水戸駅前,茨城県,77521,/event/detail/77521/result,9,0002664031,クロカミ,pMXp2y-uQIbT2-M3yEXX,41870,ドラピオンV,1
2023-03-18,2023-03-18 11:00:00,シティリーグ,シティリーグ2023 シーズン3 オープンリーグ,トーナメントセンターバトロコ　水戸駅前,茨城県,77521,/event/detail/77521/result,9,0002664031,クロカミ,pMXp2y-uQIbT2-M3yEXX,41770,カビゴン,1
2023-03-18,2023-03-18 11:00:00,シティリーグ,シティリーグ2023 シーズン3 オープンリーグ,トーナメントセンターバトロコ　水戸駅前,茨城県,77521,/event/detail/77521/result,9,0002664031,クロカミ,pMXp2y-uQIbT2-M3yEXX,40053,バトルVIPパス,4
2023-03-18,2023-03-18 11:00:00,シティリーグ,シティリーグ2023 シーズン3 オープンリーグ,トーナメントセンターバトロコ　水戸駅前,茨城県,77521,/event/detail/77521/result,9,0002664031,クロカミ,pMXp2y-uQIbT2-M3yEXX,36611,ネストボール,3
2023-03-18,2023-03-18 11:00:00,シティリーグ,シティリーグ2023 シーズン3 オープンリーグ,トーナメントセンターバトロコ　水戸駅前,茨城県,77521,/event/detail/77521/result,9,0002664031,クロカミ,pMXp2y-uQIbT2-M3yEXX,25119,ポケモンいれかえ,1
2023-03-18,2023-03-18 11:00:00,シティリーグ,シティリーグ2023 シーズン3 オープンリーグ,トーナメントセンターバトロコ　水戸駅前,茨城県,77521,/event/detail/77521/result,9,0002664031,クロカミ,pMXp2y-uQIbT2-M3yEXX,41421,いれかえカート,2
2023-03-18,2023-03-18 11:00:00,シティリーグ,シティリーグ2023 シーズン3 オープンリーグ,トーナメントセンターバトロコ　水戸駅前,茨城県,77521,/event/detail/77521/result,9,0002664031,クロカミ,pMXp2y-uQIbT2-M3yEXX,41896,ミラージュゲート,4
2023-03-18,2023-03-18 11:00:00,シティリーグ,シティリーグ2023 シーズン3 オープンリーグ,トーナメントセンターバトロコ　水戸駅前,茨城県,77521,/event/detail/77521/result,9,0002664031,クロカミ,pMXp2y-uQIbT2-M3yEXX,36398,あなぬけのヒモ,2
2023-03-18,2023-03-18 11:00:00,シティリーグ,シティリーグ2023 シーズン3 オープンリーグ,トーナメントセンターバトロコ　水戸駅前,茨城県,77521,/event/detail/77521/result,9,0002664031,クロカミ,pMXp2y-uQIbT2-M3yEXX,42800,ヒスイのヘビーボール,1
2023-03-18,2023-03-18 11:00:00,シティリーグ,シティリーグ2023 シーズン3 オープンリーグ,トーナメントセンターバトロコ　水戸駅前,茨城県,77521,/event/detail/77521/result,9,0002664031,クロカミ,pMXp2y-uQIbT2-M3yEXX,36435,エネルギーリサイクル,1
2023-03-18,2023-03-18 11:00:00,シティリーグ,シティリーグ2023 シーズン3 オープンリーグ,トーナメントセンターバトロコ　水戸駅前,茨城県,77521,/event/detail/77521/result,9,0002664031,クロカミ,pMXp2y-uQIbT2-M3yEXX,41334,ポケギア3.0,1
2023-03-18,2023-03-18 11:00:00,シティリーグ,シティリーグ2023 シーズン3 オープンリーグ,トーナメントセンターバトロコ　水戸駅前,茨城県,77521,/event/detail/77521/result,9,0002664031,クロカミ,pMXp2y-uQIbT2-M3yEXX,41899,アクロマの実験,4
2023-03-18,2023-03-18 11:00:00,シティリーグ,シティリーグ2023 シーズン3 オープンリーグ,トーナメントセンターバトロコ　水戸駅前,茨城県,77521,/event/detail/77521/result,9,0002664031,クロカミ,pMXp2y-uQIbT2-M3yEXX,39334,クララ,1
2023-03-18,2023-03-18 11:00:00,シティリーグ,シティリーグ2023 シーズン3 オープンリーグ,トーナメントセンターバトロコ　水戸駅前,茨城県,77521,/event/detail/77521/result,9,0002664031,クロカミ,pMXp2y-uQIbT2-M3yEXX,38821,ボスの指令（サカキ）,2
2023-03-18,2023-03-18 11:00:00,シティリーグ,シティリーグ2023 シーズン3 オープンリーグ,トーナメントセンターバトロコ　水戸駅前,茨城県,77521,/event/detail/77521/result,9,0002664031,クロカミ,pMXp2y-uQIbT2-M3yEXX,41251,ツツジ,2
2023-03-18,2023-03-18 11:00:00,シティリーグ,シティリーグ2023 シーズン3 オープンリーグ,トーナメントセンターバトロコ　水戸駅前,茨城県,77521,/event/detail/77521/result,9,0002664031,クロカミ,pMXp2y-uQIbT2-M3yEXX,41495,シンオウ神殿,1
2023-03-18,2023-03-18 11:00:00,シティリーグ,シティリーグ2023 シーズン3 オープンリーグ,トーナメントセンターバトロコ　水戸駅前,茨城県,77521,/event/detail/77521/result,9,0002664031,クロカミ,pMXp2y-uQIbT2-M3yEXX,42624,ビーチコート,1
2023-03-18,2023-03-18 11:00:00,シティリーグ,シティリーグ2023 シーズン3 オープンリーグ,トーナメントセンターバトロコ　水戸駅前,茨城県,77521,/event/detail/77521/result,9,0002664031,クロカミ,pMXp2y-uQIbT2-M3yEXX,41144,基本草エネルギー,3
2023-03-18,2023-03-18 11:00:00,シティリーグ,シティリーグ2023 シーズン3 オープンリーグ,トーナメントセンターバトロコ　水戸駅前,茨城県,77521,/event/detail/77521/result,9,0002664031,クロカミ,pMXp2y-uQIbT2-M3yEXX,40095,基本超エネルギー,4
2023-03-18,2023-03-18 11:00:00,シティリーグ,シティリーグ2023 シーズン3 オープンリーグ,トーナメントセンターバトロコ　水戸駅前,茨城県,77521,/event/detail/77521/result,9,0002664031,クロカミ,pMXp2y-uQIbT2-M3yEXX,42946,基本水エネルギー,4
2023-03-18,2023-03-18 11:00:00,シティリーグ,シティリーグ2023 シーズン3 オープンリーグ,トーナメントセンターバトロコ　水戸駅前,茨城県,77521,/event/detail/77521/result,9,0002664031,クロカミ,pMXp2y-uQIbT2-M3yEXX,43037,ジェットエネルギー,2
2023-03-18,2023-03-18 11:00:00,シティリーグ,シティリーグ2023 シーズン3 オープンリーグ,トーナメントセンターバトロコ　水戸駅前,茨城県,77521,/event/detail/77521/result,9,0001247352,べるこ,HLnPgN-ntGOBJ-ngLNQn,43052,サーナイトex,2
2023-03-18,2023-03-18 11:00:00,シティリーグ,シティリーグ2023 シーズン3 オープンリーグ,トーナメントセンターバトロコ　水戸駅前,茨城県,77521,/event/detail/77521/result,9,0001247352,べるこ,HLnPgN-ntGOBJ-ngLNQn,41027,サーナイト,3
2023-03-18,2023-03-18 11:00:00,シティリーグ,シティリーグ2023 シーズン3 オープンリーグ,トーナメントセンターバトロコ　水戸駅前,茨城県,77521,/event/detail/77521/result,9,0001247352,べるこ,HLnPgN-ntGOBJ-ngLNQn,41998,キルリア,3
2023-03-18,2023-03-18 11:00:00,シティリーグ,シティリーグ2023 シーズン3 オープンリーグ,トーナメントセンターバトロコ　水戸駅前,茨城県,77521,/event/detail/77521/result,9,0001247352,べるこ,HLnPgN-ntGOBJ-ngLNQn,40657,キルリア,1
2023-03-18,2023-03-18 11:00:00,シティリーグ,シティリーグ2023 シーズン3 オープンリーグ,トーナメントセンターバトロコ　水戸駅前,茨城県,77521,/event/detail/77521/result,9,0001247352,べるこ,HLnPgN-ntGOBJ-ngLNQn,41218,ラルトス,4
2023-03-18,2023-03-18 11:00:00,シティリーグ,シティリーグ2023 シーズン3 オープンリーグ,トーナメントセンターバトロコ　水戸駅前,茨城県,77521,/event/detail/77521/result,9,0001247352,べるこ,HLnPgN-ntGOBJ-ngLNQn,41389,クレセリア,1
2023-03-18,2023-03-18 11:00:00,シティリーグ,シティリーグ2023 シーズン3 オープンリーグ,トーナメントセンターバトロコ　水戸駅前,茨城県,77521,/event/detail/77521/result,9,0001247352,べるこ,HLnPgN-ntGOBJ-ngLNQn,42669,クレッフィ,2
2023-03-18,2023-03-18 11:00:00,シティリーグ,シティリーグ2023 シーズン3 オープンリーグ,トーナメントセンターバトロコ　水戸駅前,茨城県,77521,/event/detail/77521/result,9,0001247352,べるこ,HLnPgN-ntGOBJ-ngLNQn,42828,マナフィ,1
2023-03-18,2023-03-18 11:00:00,シティリーグ,シティリーグ2023 シーズン3 オープンリーグ,トーナメントセンターバトロコ　水戸駅前,茨城県,77521,/event/detail/77521/result,9,0001247352,べるこ,HLnPgN-ntGOBJ-ngLNQn,42294,かがやくゲッコウガ,1
2023-03-18,2023-03-18 11:00:00,シティリーグ,シティリーグ2023 シーズン3 オープンリーグ,トーナメントセンターバトロコ　水戸駅前,茨城県,77521,/event/detail/77521/result,9,0001247352,べるこ,HLnPgN-ntGOBJ-ngLNQn,42875,ザシアンV,1
2023-03-18,2023-03-18 11:00:00,シティリーグ,シティリーグ2023 シーズン3 オープンリーグ,トーナメントセンターバトロコ　水戸駅前,茨城県,77521,/event/detail/77521/result,9,0001247352,べるこ,HLnPgN-ntGOBJ-ngLNQn,40053,バトルVIPパス,4
2023-03-18,2023-03-18 11:00:00,シティリーグ,シティリーグ2023 シーズン3 オープンリーグ,トーナメントセンターバトロコ　水戸駅前,茨城県,77521,/event/detail/77521/result,9,0001247352,べるこ,HLnPgN-ntGOBJ-ngLNQn,42801,レベルボール,4
2023-03-18,2023-03-18 11:00:00,シティリーグ,シティリーグ2023 シーズン3 オープンリーグ,トーナメントセンターバトロコ　水戸駅前,茨城県,77521,/event/detail/77521/result,9,0001247352,べるこ,HLnPgN-ntGOBJ-ngLNQn,42799,霧の水晶,3
2023-03-18,2023-03-18 11:00:00,シティリーグ,シティリーグ2023 シーズン3 オープンリーグ,トーナメントセンターバトロコ　水戸駅前,茨城県,77521,/event/detail/77521/result,9,0001247352,べるこ,HLnPgN-ntGOBJ-ngLNQn,36307,ハイパーボール,2
2023-03-18,2023-03-18 11:00:00,シティリーグ,シティリーグ2023 シーズン3 オープンリーグ,トーナメントセンターバトロコ　水戸駅前,茨城県,77521,/event/detail/77521/result,9,0001247352,べるこ,HLnPgN-ntGOBJ-ngLNQn,36838,ともだちてちょう,1
2023-03-18,2023-03-18 11:00:00,シティリーグ,シティリーグ2023 シーズン3 オープンリーグ,トーナメントセンターバトロコ　水戸駅前,茨城県,77521,/event/detail/77521/result,9,0001247352,べるこ,HLnPgN-ntGOBJ-ngLNQn,42407,空の封印石,1
2023-03-18,2023-03-18 11:00:00,シティリーグ,シティリーグ2023 シーズン3 オープンリーグ,トーナメントセンターバトロコ　水戸駅前,茨城県,77521,/event/detail/77521/result,9,0001247352,べるこ,HLnPgN-ntGOBJ-ngLNQn,42069,きんきゅうゼリー,1
2023-03-18,2023-03-18 11:00:00,シティリーグ,シティリーグ2023 シーズン3 オープンリーグ,トーナメントセンターバトロコ　水戸駅前,茨城県,77521,/event/detail/77521/result,9,0001247352,べるこ,HLnPgN-ntGOBJ-ngLNQn,41121,ふしぎなアメ,3
2023-03-18,2023-03-18 11:00:00,シティリーグ,シティリーグ2023 シーズン3 オープンリーグ,トーナメントセンターバトロコ　水戸駅前,茨城県,77521,/event/detail/77521/result,9,0001247352,べるこ,HLnPgN-ntGOBJ-ngLNQn,41090,ジャッジマン,3
2023-03-18,2023-03-18 11:00:00,シティリーグ,シティリーグ2023 シーズン3 オープンリーグ,トーナメントセンターバトロコ　水戸駅前,茨城県,77521,/event/detail/77521/result,9,0001247352,べるこ,HLnPgN-ntGOBJ-ngLNQn,42543,さぎょういん,1
2023-03-18,2023-03-18 11:00:00,シティリーグ,シティリーグ2023 シーズン3 オープンリーグ,トーナメントセンターバトロコ　水戸駅前,茨城県,77521,/event/detail/77521/result,9,0001247352,べるこ,HLnPgN-ntGOBJ-ngLNQn,39357,クララ,1
2023-03-18,2023-03-18 11:00:00,シティリーグ,シティリーグ2023 シーズン3 オープンリーグ,トーナメントセンターバトロコ　水戸駅前,茨城県,77521,/event/detail/77521/result,9,0001247352,べるこ,HLnPgN-ntGOBJ-ngLNQn,38062,ボスの指令（サカキ）,1
2023-03-18,2023-03-18 11:00:00,シティリーグ,シティリーグ2023 シーズン3 オープンリーグ,トーナメントセンターバトロコ　水戸駅前,茨城県,77521,/event/detail/77521/result,9,0001247352,べるこ,HLnPgN-ntGOBJ-ngLNQn,42806,セレナ,1
2023-03-18,2023-03-18 11:00:00,シティリーグ,シティリーグ2023 シーズン3 オープンリーグ,トーナメントセンターバトロコ　水戸駅前,茨城県,77521,/event/detail/77521/result,9,0001247352,べるこ,HLnPgN-ntGOBJ-ngLNQn,42090,ネジキ,1
2023-03-18,2023-03-18 11:00:00,シティリーグ,シティリーグ2023 シーズン3 オープンリーグ,トーナメントセンターバトロコ　水戸駅前,茨城県,77521,/event/detail/77521/result,9,0001247352,べるこ,HLnPgN-ntGOBJ-ngLNQn,43086,ペパー,1
2023-03-18,2023-03-18 11:00:00,シティリーグ,シティリーグ2023 シーズン3 オープンリーグ,トーナメントセンターバトロコ　水戸駅前,茨城県,77521,/event/detail/77521/result,9,0001247352,べるこ,HLnPgN-ntGOBJ-ngLNQn,43035,ボウルタウン,2
2023-03-18,2023-03-18 11:00:00,シティリーグ,シティリーグ2023 シーズン3 オープンリーグ,トーナメントセンターバトロコ　水戸駅前,茨城県,77521,/event/detail/77521/result,9,0001247352,べるこ,HLnPgN-ntGOBJ-ngLNQn,42948,基本超エネルギー,11
2023-03-18,2023-03-18 11:00:00,シティリーグ,シティリーグ2023 シーズン3 オープンリーグ,トーナメントセンターバトロコ　水戸駅前,茨城県,77521,/event/detail/77521/result,9,0035873882,ぺぺろんちーの,yXpXpU-Zob3FP-MXppX2,42387,アルセウスV,4
2023-03-18,2023-03-18 11:00:00,シティリーグ,シティリーグ2023 シーズン3 オープンリーグ,トーナメントセンターバトロコ　水戸駅前,茨城県,77521,/event/detail/77521/result,9,0035873882,ぺぺろんちーの,yXpXpU-Zob3FP-MXppX2,42388,アルセウスVSTAR,3
2023-03-18,2023-03-18 11:00:00,シティリーグ,シティリーグ2023 シーズン3 オープンリーグ,トーナメントセンターバトロコ　水戸駅前,茨城県,77521,/event/detail/77521/result,9,0035873882,ぺぺろんちーの,yXpXpU-Zob3FP-MXppX2,40089,そらをとぶピカチュウVMAX,1
2023-03-18,2023-03-18 11:00:00,シティリーグ,シティリーグ2023 シーズン3 オープンリーグ,トーナメントセンターバトロコ　水戸駅前,茨城県,77521,/event/detail/77521/result,9,0035873882,ぺぺろんちーの,yXpXpU-Zob3FP-MXppX2,40088,そらをとぶピカチュウV,1
2023-03-18,2023-03-18 11:00:00,シティリーグ,シティリーグ2023 シーズン3 オープンリーグ,トーナメントセンターバトロコ　水戸駅前,茨城県,77521,/event/detail/77521/result,9,0035873882,ぺぺろんちーの,yXpXpU-Zob3FP-MXppX2,42346,ドラピオンV,1
2023-03-18,2023-03-18 11:00:00,シティリーグ,シティリーグ2023 シーズン3 オープンリーグ,トーナメントセンターバトロコ　水戸駅前,茨城県,77521,/event/detail/77521/result,9,0035873882,ぺぺろんちーの,yXpXpU-Zob3FP-MXppX2,42371,ギラティナV,3
2023-03-18,2023-03-18 11:00:00,シティリーグ,シティリーグ2023 シーズン3 オープンリーグ,トーナメントセンターバトロコ　水戸駅前,茨城県,77521,/event/detail/77521/result,9,0035873882,ぺぺろんちーの,yXpXpU-Zob3FP-MXppX2,41885,ギラティナVSTAR,3
2023-03-18,2023-03-18 11:00:00,シティリーグ,シティリーグ2023 シーズン3 オープンリーグ,トーナメントセンターバトロコ　水戸駅前,茨城県,77521,/event/detail/77521/result,9,0035873882,ぺぺろんちーの,yXpXpU-Zob3FP-MXppX2,42316,かがやくサーナイト,1
2023-03-18,2023-03-18 11:00:00,シティリーグ,シティリーグ2023 シーズン3 オープンリーグ,トーナメントセンターバトロコ　水戸駅前,茨城県,77521,/event/detail/77521/result,9,0035873882,ぺぺろんちーの,yXpXpU-Zob3FP-MXppX2,42787,ネストボール,4
2023-03-18,2023-03-18 11:00:00,シティリーグ,シティリーグ2023 シーズン3 オープンリーグ,トーナメントセンターバトロコ　水戸駅前,茨城県,77521,/event/detail/77521/result,9,0035873882,ぺぺろんちーの,yXpXpU-Zob3FP-MXppX2,41333,ハイパーボール,4
2023-03-18,2023-03-18 11:00:00,シティリーグ,シティリーグ2023 シーズン3 オープンリーグ,トーナメントセンターバトロコ　水戸駅前,茨城県,77521,/event/detail/77521/result,9,0035873882,ぺぺろんちーの,yXpXpU-Zob3FP-MXppX2,42792,こだわりベルト,2
2023-03-18,2023-03-18 11:00:00,シティリーグ,シティリーグ2023 シーズン3 オープンリーグ,トーナメントセンターバトロコ　水戸駅前,茨城県,77521,/event/detail/77521/result,9,0035873882,ぺぺろんちーの,yXpXpU-Zob3FP-MXppX2,40832,あなぬけのヒモ,1
2023-03-18,2023-03-18 11:00:00,シティリーグ,シティリーグ2023 シーズン3 オープンリーグ,トーナメントセンターバトロコ　水戸駅前,茨城県,77521,/event/detail/77521/result,9,0035873882,ぺぺろんちーの,yXpXpU-Zob3FP-MXppX2,42802,ロストスイーパー,1
2023-03-18,2023-03-18 11:00:00,シティリーグ,シティリーグ2023 シーズン3 オープンリーグ,トーナメントセンターバトロコ　水戸駅前,茨城県,77521,/event/detail/77521/result,9,0035873882,ぺぺろんちーの,yXpXpU-Zob3FP-MXppX2,42022,ポケモンいれかえ,1
2023-03-18,2023-03-18 11:00:00,シティリーグ,シティリーグ2023 シーズン3 オープンリーグ,トーナメントセンターバトロコ　水戸駅前,茨城県,77521,/event/detail/77521/result,9,0035873882,ぺぺろんちーの,yXpXpU-Zob3FP-MXppX2,42775,博士の研究（オーリム博士）,4
2023-03-18,2023-03-18 11:00:00,シティリーグ,シティリーグ2023 シーズン3 オープンリーグ,トーナメントセンターバトロコ　水戸駅前,茨城県,77521,/event/detail/77521/result,9,0035873882,ぺぺろんちーの,yXpXpU-Zob3FP-MXppX2,42772,ジャッジマン,3
2023-03-18,2023-03-18 11:00:00,シティリーグ,シティリーグ2023 シーズン3 オープンリーグ,トーナメントセンターバトロコ　水戸駅前,茨城県,77521,/event/detail/77521/result,9,0035873882,ぺぺろんちーの,yXpXpU-Zob3FP-MXppX2,39232,ボスの指令（サカキ）,2
2023-03-18,2023-03-18 11:00:00,シティリーグ,シティリーグ2023 シーズン3 オープンリーグ,トーナメントセンターバトロコ　水戸駅前,茨城県,77521,/event/detail/77521/result,9,0035873882,ぺぺろんちーの,yXpXpU-Zob3FP-MXppX2,42417,チェレンの気くばり,1
2023-03-18,2023-03-18 11:00:00,シティリーグ,シティリーグ2023 シーズン3 オープンリーグ,トーナメントセンターバトロコ　水戸駅前,茨城県,77521,/event/detail/77521/result,9,0035873882,ぺぺろんちーの,yXpXpU-Zob3FP-MXppX2,42804,キバナ,1
2023-03-18,2023-03-18 11:00:00,シティリーグ,シティリーグ2023 シーズン3 オープンリーグ,トーナメントセンターバトロコ　水戸駅前,茨城県,77521,/event/detail/77521/result,9,0035873882,ぺぺろんちーの,yXpXpU-Zob3FP-MXppX2,42806,セレナ,2
2023-03-18,2023-03-18 11:00:00,シティリーグ,シティリーグ2023 シーズン3 オープンリーグ,トーナメントセンターバトロコ　水戸駅前,茨城県,77521,/event/detail/77521/result,9,0035873882,ぺぺろんちーの,yXpXpU-Zob3FP-MXppX2,42812,頂への雪道,3
2023-03-18,2023-03-18 11:00:00,シティリーグ,シティリーグ2023 シーズン3 オープンリーグ,トーナメントセンターバトロコ　水戸駅前,茨城県,77521,/event/detail/77521/result,9,0035873882,ぺぺろんちーの,yXpXpU-Zob3FP-MXppX2,42814,ダブルターボエネルギー,4
2023-03-18,2023-03-18 11:00:00,シティリーグ,シティリーグ2023 シーズン3 オープンリーグ,トーナメントセンターバトロコ　水戸駅前,茨城県,77521,/event/detail/77521/result,9,0035873882,ぺぺろんちーの,yXpXpU-Zob3FP-MXppX2,42029,Vガードエネルギー,2
2023-03-18,2023-03-18 11:00:00,シティリーグ,シティリーグ2023 シーズン3 オープンリーグ,トーナメントセンターバトロコ　水戸駅前,茨城県,77521,/event/detail/77521/result,9,0035873882,ぺぺろんちーの,yXpXpU-Zob3FP-MXppX2,42782,基本雷エネルギー,2
2023-03-18,2023-03-18 11:00:00,シティリーグ,シティリーグ2023 シーズン3 オープンリーグ,トーナメントセンターバトロコ　水戸駅前,茨城県,77521,/event/detail/77521/result,9,0035873882,ぺぺろんちーの,yXpXpU-Zob3FP-MXppX2,42779,基本草エネルギー,3
2023-03-18,2023-03-18 11:00:00,シティリーグ,シティリーグ2023 シーズン3 オープンリーグ,トーナメントセンターバトロコ　水戸駅前,茨城県,77521,/event/detail/77521/result,9,0035873882,ぺぺろんちーの,yXpXpU-Zob3FP-MXppX2,42783,基本超エネルギー,3
2023-03-18,2023-03-18 11:00:00,シティリーグ,シティリーグ2023 シーズン3 オープンリーグ,トーナメントセンターバトロコ　水戸駅前,茨城県,77521,/event/detail/77521/result,9,0031336275,こまち,HNgNgg-80JwVn-LgQniQ,42325,キュワワー,4
2023-03-18,2023-03-18 11:00:00,シティリーグ,シティリーグ2023 シーズン3 オープンリーグ,トーナメントセンターバトロコ　水戸駅前,茨城県,77521,/event/detail/77521/result,9,0031336275,こまち,HNgNgg-80JwVn-LgQniQ,41848,ヤミラミ,2
2023-03-18,2023-03-18 11:00:00,シティリーグ,シティリーグ2023 シーズン3 オープンリーグ,トーナメントセンターバトロコ　水戸駅前,茨城県,77521,/event/detail/77521/result,9,0031336275,こまち,HNgNgg-80JwVn-LgQniQ,41837,ウッウ,2
2023-03-18,2023-03-18 11:00:00,シティリーグ,シティリーグ2023 シーズン3 オープンリーグ,トーナメントセンターバトロコ　水戸駅前,茨城県,77521,/event/detail/77521/result,9,0031336275,こまち,HNgNgg-80JwVn-LgQniQ,42290,マナフィ,2
2023-03-18,2023-03-18 11:00:00,シティリーグ,シティリーグ2023 シーズン3 オープンリーグ,トーナメントセンターバトロコ　水戸駅前,茨城県,77521,/event/detail/77521/result,9,0031336275,こまち,HNgNgg-80JwVn-LgQniQ,42082,ドラピオンV,1
2023-03-18,2023-03-18 11:00:00,シティリーグ,シティリーグ2023 シーズン3 オープンリーグ,トーナメントセンターバトロコ　水戸駅前,茨城県,77521,/event/detail/77521/result,9,0031336275,こまち,HNgNgg-80JwVn-LgQniQ,42076,マフォクシーV,1
2023-03-18,2023-03-18 11:00:00,シティリーグ,シティリーグ2023 シーズン3 オープンリーグ,トーナメントセンターバトロコ　水戸駅前,茨城県,77521,/event/detail/77521/result,9,0031336275,こまち,HNgNgg-80JwVn-LgQniQ,42868,ライコウV,1
2023-03-18,2023-03-18 11:00:00,シティリーグ,シティリーグ2023 シーズン3 オープンリーグ,トーナメントセンターバトロコ　水戸駅前,茨城県,77521,/event/detail/77521/result,9,0031336275,こまち,HNgNgg-80JwVn-LgQniQ,41770,カビゴン,1
2023-03-18,2023-03-18 11:00:00,シティリーグ,シティリーグ2023 シーズン3 オープンリーグ,トーナメントセンターバトロコ　水戸駅前,茨城県,77521,/event/detail/77521/result,9,0031336275,こまち,HNgNgg-80JwVn-LgQniQ,41692,かがやくリザードン,1
2023-03-18,2023-03-18 11:00:00,シティリーグ,シティリーグ2023 シーズン3 オープンリーグ,トーナメントセンターバトロコ　水戸駅前,茨城県,77521,/event/detail/77521/result,9,0031336275,こまち,HNgNgg-80JwVn-LgQniQ,36592,ネストボール,4
2023-03-18,2023-03-18 11:00:00,シティリーグ,シティリーグ2023 シーズン3 オープンリーグ,トーナメントセンターバトロコ　水戸駅前,茨城県,77521,/event/detail/77521/result,9,0031336275,こまち,HNgNgg-80JwVn-LgQniQ,42495,ヒスイのヘビーボール,1
2023-03-18,2023-03-18 11:00:00,シティリーグ,シティリーグ2023 シーズン3 オープンリーグ,トーナメントセンターバトロコ　水戸駅前,茨城県,77521,/event/detail/77521/result,9,0031336275,こまち,HNgNgg-80JwVn-LgQniQ,40053,バトルVIPパス,4
2023-03-18,2023-03-18 11:00:00,シティリーグ,シティリーグ2023 シーズン3 オープンリーグ,トーナメントセンターバトロコ　水戸駅前,茨城県,77521,/event/detail/77521/result,9,0031336275,こまち,HNgNgg-80JwVn-LgQniQ,41421,いれかえカート,4
2023-03-18,2023-03-18 11:00:00,シティリーグ,シティリーグ2023 シーズン3 オープンリーグ,トーナメントセンターバトロコ　水戸駅前,茨城県,77521,/event/detail/77521/result,9,0031336275,こまち,HNgNgg-80JwVn-LgQniQ,36591,あなぬけのヒモ,3
2023-03-18,2023-03-18 11:00:00,シティリーグ,シティリーグ2023 シーズン3 オープンリーグ,トーナメントセンターバトロコ　水戸駅前,茨城県,77521,/event/detail/77521/result,9,0031336275,こまち,HNgNgg-80JwVn-LgQniQ,42496,ミラージュゲート,3
2023-03-18,2023-03-18 11:00:00,シティリーグ,シティリーグ2023 シーズン3 オープンリーグ,トーナメントセンターバトロコ　水戸駅前,茨城県,77521,/event/detail/77521/result,9,0031336275,こまち,HNgNgg-80JwVn-LgQniQ,40836,エネルギーリサイクル,1
2023-03-18,2023-03-18 11:00:00,シティリーグ,シティリーグ2023 シーズン3 オープンリーグ,トーナメントセンターバトロコ　水戸駅前,茨城県,77521,/event/detail/77521/result,9,0031336275,こまち,HNgNgg-80JwVn-LgQniQ,25252,ポケギア3.0,2
2023-03-18,2023-03-18 11:00:00,シティリーグ,シティリーグ2023 シーズン3 オープンリーグ,トーナメントセンターバトロコ　水戸駅前,茨城県,77521,/event/detail/77521/result,9,0031336275,こまち,HNgNgg-80JwVn-LgQniQ,42407,空の封印石,1
2023-03-18,2023-03-18 11:00:00,シティリーグ,シティリーグ2023 シーズン3 オープンリーグ,トーナメントセンターバトロコ　水戸駅前,茨城県,77521,/event/detail/77521/result,9,0031336275,こまち,HNgNgg-80JwVn-LgQniQ,42409,アクロマの実験,4
2023-03-18,2023-03-18 11:00:00,シティリーグ,シティリーグ2023 シーズン3 オープンリーグ,トーナメントセンターバトロコ　水戸駅前,茨城県,77521,/event/detail/77521/result,9,0031336275,こまち,HNgNgg-80JwVn-LgQniQ,42412,キバナ,2
2023-03-18,2023-03-18 11:00:00,シティリーグ,シティリーグ2023 シーズン3 オープンリーグ,トーナメントセンターバトロコ　水戸駅前,茨城県,77521,/event/detail/77521/result,9,0031336275,こまち,HNgNgg-80JwVn-LgQniQ,40859,クララ,2
2023-03-18,2023-03-18 11:00:00,シティリーグ,シティリーグ2023 シーズン3 オープンリーグ,トーナメントセンターバトロコ　水戸駅前,茨城県,77521,/event/detail/77521/result,9,0031336275,こまち,HNgNgg-80JwVn-LgQniQ,37976,ボスの指令（サカキ）,2
2023-03-18,2023-03-18 11:00:00,シティリーグ,シティリーグ2023 シーズン3 オープンリーグ,トーナメントセンターバトロコ　水戸駅前,茨城県,77521,/event/detail/77521/result,9,0031336275,こまち,HNgNgg-80JwVn-LgQniQ,42418,ツツジ,1
2023-03-18,2023-03-18 11:00:00,シティリーグ,シティリーグ2023 シーズン3 オープンリーグ,トーナメントセンターバトロコ　水戸駅前,茨城県,77521,/event/detail/77521/result,9,0031336275,こまち,HNgNgg-80JwVn-LgQniQ,42624,ビーチコート,2
2023-03-18,2023-03-18 11:00:00,シティリーグ,シティリーグ2023 シーズン3 オープンリーグ,トーナメントセンターバトロコ　水戸駅前,茨城県,77521,/event/detail/77521/result,9,0031336275,こまち,HNgNgg-80JwVn-LgQniQ,31998,基本炎エネルギー,4
2023-03-18,2023-03-18 11:00:00,シティリーグ,シティリーグ2023 シーズン3 オープンリーグ,トーナメントセンターバトロコ　水戸駅前,茨城県,77521,/event/detail/77521/result,9,0031336275,こまち,HNgNgg-80JwVn-LgQniQ,32001,基本超エネルギー,3
2023-03-18,2023-03-18 11:00:00,シティリーグ,シティリーグ2023 シーズン3 オープンリーグ,トーナメントセンターバトロコ　水戸駅前,茨城県,77521,/event/detail/77521/result,9,0031336275,こまち,HNgNgg-80JwVn-LgQniQ,32000,基本雷エネルギー,1
2023-03-18,2023-03-18 11:00:00,シティリーグ,シティリーグ2023 シーズン3 オープンリーグ,トーナメントセンターバトロコ　水戸駅前,茨城県,77521,/event/detail/77521/result,9,0031336275,こまち,HNgNgg-80JwVn-LgQniQ,43038,ルミナスエネルギー,1
2023-03-18,2023-03-18 11:00:00,シティリーグ,シティリーグ2023 シーズン3 オープンリーグ,トーナメントセンターバトロコ　水戸駅前,茨城県,77521,/event/detail/77521/result,9,0035938750,SOLU,yX2XES-5dYeLz-MXpyp3,42372,ギラティナVSTAR,3
2023-03-18,2023-03-18 11:00:00,シティリーグ,シティリーグ2023 シーズン3 オープンリーグ,トーナメントセンターバトロコ　水戸駅前,茨城県,77521,/event/detail/77521/result,9,0035938750,SOLU,yX2XES-5dYeLz-MXpyp3,42085,ギラティナV,3
2023-03-18,2023-03-18 11:00:00,シティリーグ,シティリーグ2023 シーズン3 オープンリーグ,トーナメントセンターバトロコ　水戸駅前,茨城県,77521,/event/detail/77521/result,9,0035938750,SOLU,yX2XES-5dYeLz-MXpyp3,42837,キュワワー,4
2023-03-18,2023-03-18 11:00:00,シティリーグ,シティリーグ2023 シーズン3 オープンリーグ,トーナメントセンターバトロコ　水戸駅前,茨城県,77521,/event/detail/77521/result,9,0035938750,SOLU,yX2XES-5dYeLz-MXpyp3,41837,ウッウ,2
2023-03-18,2023-03-18 11:00:00,シティリーグ,シティリーグ2023 シーズン3 オープンリーグ,トーナメントセンターバトロコ　水戸駅前,茨城県,77521,/event/detail/77521/result,9,0035938750,SOLU,yX2XES-5dYeLz-MXpyp3,41848,ヤミラミ,1
2023-03-18,2023-03-18 11:00:00,シティリーグ,シティリーグ2023 シーズン3 オープンリーグ,トーナメントセンターバトロコ　水戸駅前,茨城県,77521,/event/detail/77521/result,9,0035938750,SOLU,yX2XES-5dYeLz-MXpyp3,42294,かがやくゲッコウガ,1
2023-03-18,2023-03-18 11:00:00,シティリーグ,シティリーグ2023 シーズン3 オープンリーグ,トーナメントセンターバトロコ　水戸駅前,茨城県,77521,/event/detail/77521/result,9,0035938750,SOLU,yX2XES-5dYeLz-MXpyp3,42828,マナフィ,1
2023-03-18,2023-03-18 11:00:00,シティリーグ,シティリーグ2023 シーズン3 オープンリーグ,トーナメントセンターバトロコ　水戸駅前,茨城県,77521,/event/detail/77521/result,9,0035938750,SOLU,yX2XES-5dYeLz-MXpyp3,42082,ドラピオンV,1
2023-03-18,2023-03-18 11:00:00,シティリーグ,シティリーグ2023 シーズン3 オープンリーグ,トーナメントセンターバトロコ　水戸駅前,茨城県,77521,/event/detail/77521/result,9,0035938750,SOLU,yX2XES-5dYeLz-MXpyp3,42966,トロピウス,1
2023-03-18,2023-03-18 11:00:00,シティリーグ,シティリーグ2023 シーズン3 オープンリーグ,トーナメントセンターバトロコ　水戸駅前,茨城県,77521,/event/detail/77521/result,9,0035938750,SOLU,yX2XES-5dYeLz-MXpyp3,42787,ネストボール,3
2023-03-18,2023-03-18 11:00:00,シティリーグ,シティリーグ2023 シーズン3 オープンリーグ,トーナメントセンターバトロコ　水戸駅前,茨城県,77521,/event/detail/77521/result,9,0035938750,SOLU,yX2XES-5dYeLz-MXpyp3,40053,バトルVIPパス,4
2023-03-18,2023-03-18 11:00:00,シティリーグ,シティリーグ2023 シーズン3 オープンリーグ,トーナメントセンターバトロコ　水戸駅前,茨城県,77521,/event/detail/77521/result,9,0035938750,SOLU,yX2XES-5dYeLz-MXpyp3,42402,ミラージュゲート,4
2023-03-18,2023-03-18 11:00:00,シティリーグ,シティリーグ2023 シーズン3 オープンリーグ,トーナメントセンターバトロコ　水戸駅前,茨城県,77521,/event/detail/77521/result,9,0035938750,SOLU,yX2XES-5dYeLz-MXpyp3,40832,あなぬけのヒモ,2
2023-03-18,2023-03-18 11:00:00,シティリーグ,シティリーグ2023 シーズン3 オープンリーグ,トーナメントセンターバトロコ　水戸駅前,茨城県,77521,/event/detail/77521/result,9,0035938750,SOLU,yX2XES-5dYeLz-MXpyp3,41421,いれかえカート,2
2023-03-18,2023-03-18 11:00:00,シティリーグ,シティリーグ2023 シーズン3 オープンリーグ,トーナメントセンターバトロコ　水戸駅前,茨城県,77521,/event/detail/77521/result,9,0035938750,SOLU,yX2XES-5dYeLz-MXpyp3,40052,クロススイッチャー,4
2023-03-18,2023-03-18 11:00:00,シティリーグ,シティリーグ2023 シーズン3 オープンリーグ,トーナメントセンターバトロコ　水戸駅前,茨城県,77521,/event/detail/77521/result,9,0035938750,SOLU,yX2XES-5dYeLz-MXpyp3,40836,エネルギーリサイクル,1
2023-03-18,2023-03-18 11:00:00,シティリーグ,シティリーグ2023 シーズン3 オープンリーグ,トーナメントセンターバトロコ　水戸駅前,茨城県,77521,/event/detail/77521/result,9,0035938750,SOLU,yX2XES-5dYeLz-MXpyp3,42719,ポケギア3.0,2
2023-03-18,2023-03-18 11:00:00,シティリーグ,シティリーグ2023 シーズン3 オープンリーグ,トーナメントセンターバトロコ　水戸駅前,茨城県,77521,/event/detail/77521/result,9,0035938750,SOLU,yX2XES-5dYeLz-MXpyp3,42409,アクロマの実験,4
2023-03-18,2023-03-18 11:00:00,シティリーグ,シティリーグ2023 シーズン3 オープンリーグ,トーナメントセンターバトロコ　水戸駅前,茨城県,77521,/event/detail/77521/result,9,0035938750,SOLU,yX2XES-5dYeLz-MXpyp3,41509,ツツジ,1
2023-03-18,2023-03-18 11:00:00,シティリーグ,シティリーグ2023 シーズン3 オープンリーグ,トーナメントセンターバトロコ　水戸駅前,茨城県,77521,/event/detail/77521/result,9,0035938750,SOLU,yX2XES-5dYeLz-MXpyp3,42805,クララ,1
2023-03-18,2023-03-18 11:00:00,シティリーグ,シティリーグ2023 シーズン3 オープンリーグ,トーナメントセンターバトロコ　水戸駅前,茨城県,77521,/event/detail/77521/result,9,0035938750,SOLU,yX2XES-5dYeLz-MXpyp3,42624,ビーチコート,1
2023-03-18,2023-03-18 11:00:00,シティリーグ,シティリーグ2023 シーズン3 オープンリーグ,トーナメントセンターバトロコ　水戸駅前,茨城県,77521,/event/detail/77521/result,9,0035938750,SOLU,yX2XES-5dYeLz-MXpyp3,40316,頂への雪道,1
2023-03-18,2023-03-18 11:00:00,シティリーグ,シティリーグ2023 シーズン3 オープンリーグ,トーナメントセンターバトロコ　水戸駅前,茨城県,77521,/event/detail/77521/result,9,0035938750,SOLU,yX2XES-5dYeLz-MXpyp3,40484,基本草エネルギー,4
2023-03-18,2023-03-18 11:00:00,シティリーグ,シティリーグ2023 シーズン3 オープンリーグ,トーナメントセンターバトロコ　水戸駅前,茨城県,77521,/event/detail/77521/result,9,0035938750,SOLU,yX2XES-5dYeLz-MXpyp3,41946,基本超エネルギー,4
2023-03-18,2023-03-18 11:00:00,シティリーグ,シティリーグ2023 シーズン3 オープンリーグ,トーナメントセンターバトロコ　水戸駅前,茨城県,77521,/event/detail/77521/result,9,0035938750,SOLU,yX2XES-5dYeLz-MXpyp3,40486,基本水エネルギー,3
2023-03-18,2023-03-18 11:00:00,シティリーグ,シティリーグ2023 シーズン3 オープンリーグ,トーナメントセンターバトロコ　水戸駅前,茨城県,77521,/event/detail/77521/result,9,0035938750,SOLU,yX2XES-5dYeLz-MXpyp3,43037,ジェットエネルギー,2
2023-03-18,2023-03-18 11:00:00,シティリーグ,シティリーグ2023 シーズン3 オープンリーグ,トーナメントセンターバトロコ　水戸駅前,茨城県,77521,/event/detail/77521/result,9,0014353994,るっこら,gnNgnn-Tl9HfB-PgLN9L,41884,ギラティナV,3
2023-03-18,2023-03-18 11:00:00,シティリーグ,シティリーグ2023 シーズン3 オープンリーグ,トーナメントセンターバトロコ　水戸駅前,茨城県,77521,/event/detail/77521/result,9,0014353994,るっこら,gnNgnn-Tl9HfB-PgLN9L,41885,ギラティナVSTAR,3
2023-03-18,2023-03-18 11:00:00,シティリーグ,シティリーグ2023 シーズン3 オープンリーグ,トーナメントセンターバトロコ　水戸駅前,茨城県,77521,/event/detail/77521/result,9,0014353994,るっこら,gnNgnn-Tl9HfB-PgLN9L,41853,キュワワー,4
2023-03-18,2023-03-18 11:00:00,シティリーグ,シティリーグ2023 シーズン3 オープンリーグ,トーナメントセンターバトロコ　水戸駅前,茨城県,77521,/event/detail/77521/result,9,0014353994,るっこら,gnNgnn-Tl9HfB-PgLN9L,41837,ウッウ,2
2023-03-18,2023-03-18 11:00:00,シティリーグ,シティリーグ2023 シーズン3 オープンリーグ,トーナメントセンターバトロコ　水戸駅前,茨城県,77521,/event/detail/77521/result,9,0014353994,るっこら,gnNgnn-Tl9HfB-PgLN9L,41848,ヤミラミ,2
2023-03-18,2023-03-18 11:00:00,シティリーグ,シティリーグ2023 シーズン3 オープンリーグ,トーナメントセンターバトロコ　水戸駅前,茨城県,77521,/event/detail/77521/result,9,0014353994,るっこら,gnNgnn-Tl9HfB-PgLN9L,41212,かがやくゲッコウガ,1
2023-03-18,2023-03-18 11:00:00,シティリーグ,シティリーグ2023 シーズン3 オープンリーグ,トーナメントセンターバトロコ　水戸駅前,茨城県,77521,/event/detail/77521/result,9,0014353994,るっこら,gnNgnn-Tl9HfB-PgLN9L,41870,ドラピオンV,1
2023-03-18,2023-03-18 11:00:00,シティリーグ,シティリーグ2023 シーズン3 オープンリーグ,トーナメントセンターバトロコ　水戸駅前,茨城県,77521,/event/detail/77521/result,9,0014353994,るっこら,gnNgnn-Tl9HfB-PgLN9L,42290,マナフィ,1
2023-03-18,2023-03-18 11:00:00,シティリーグ,シティリーグ2023 シーズン3 オープンリーグ,トーナメントセンターバトロコ　水戸駅前,茨城県,77521,/event/detail/77521/result,9,0014353994,るっこら,gnNgnn-Tl9HfB-PgLN9L,40053,バトルVIPパス,4
2023-03-18,2023-03-18 11:00:00,シティリーグ,シティリーグ2023 シーズン3 オープンリーグ,トーナメントセンターバトロコ　水戸駅前,茨城県,77521,/event/detail/77521/result,9,0014353994,るっこら,gnNgnn-Tl9HfB-PgLN9L,42616,ネストボール,3
2023-03-18,2023-03-18 11:00:00,シティリーグ,シティリーグ2023 シーズン3 オープンリーグ,トーナメントセンターバトロコ　水戸駅前,茨城県,77521,/event/detail/77521/result,9,0014353994,るっこら,gnNgnn-Tl9HfB-PgLN9L,39725,あなぬけのヒモ,2
2023-03-18,2023-03-18 11:00:00,シティリーグ,シティリーグ2023 シーズン3 オープンリーグ,トーナメントセンターバトロコ　水戸駅前,茨城県,77521,/event/detail/77521/result,9,0014353994,るっこら,gnNgnn-Tl9HfB-PgLN9L,41896,ミラージュゲート,4
2023-03-18,2023-03-18 11:00:00,シティリーグ,シティリーグ2023 シーズン3 オープンリーグ,トーナメントセンターバトロコ　水戸駅前,茨城県,77521,/event/detail/77521/result,9,0014353994,るっこら,gnNgnn-Tl9HfB-PgLN9L,39192,エネルギーリサイクル,2
2023-03-18,2023-03-18 11:00:00,シティリーグ,シティリーグ2023 シーズン3 オープンリーグ,トーナメントセンターバトロコ　水戸駅前,茨城県,77521,/event/detail/77521/result,9,0014353994,るっこら,gnNgnn-Tl9HfB-PgLN9L,41421,いれかえカート,3
2023-03-18,2023-03-18 11:00:00,シティリーグ,シティリーグ2023 シーズン3 オープンリーグ,トーナメントセンターバトロコ　水戸駅前,茨城県,77521,/event/detail/77521/result,9,0014353994,るっこら,gnNgnn-Tl9HfB-PgLN9L,42800,ヒスイのヘビーボール,1
2023-03-18,2023-03-18 11:00:00,シティリーグ,シティリーグ2023 シーズン3 オープンリーグ,トーナメントセンターバトロコ　水戸駅前,茨城県,77521,/event/detail/77521/result,9,0014353994,るっこら,gnNgnn-Tl9HfB-PgLN9L,41334,ポケギア3.0,1
2023-03-18,2023-03-18 11:00:00,シティリーグ,シティリーグ2023 シーズン3 オープンリーグ,トーナメントセンターバトロコ　水戸駅前,茨城県,77521,/event/detail/77521/result,9,0014353994,るっこら,gnNgnn-Tl9HfB-PgLN9L,41899,アクロマの実験,4
2023-03-18,2023-03-18 11:00:00,シティリーグ,シティリーグ2023 シーズン3 オープンリーグ,トーナメントセンターバトロコ　水戸駅前,茨城県,77521,/event/detail/77521/result,9,0014353994,るっこら,gnNgnn-Tl9HfB-PgLN9L,41251,ツツジ,1
2023-03-18,2023-03-18 11:00:00,シティリーグ,シティリーグ2023 シーズン3 オープンリーグ,トーナメントセンターバトロコ　水戸駅前,茨城県,77521,/event/detail/77521/result,9,0014353994,るっこら,gnNgnn-Tl9HfB-PgLN9L,41318,ボスの指令（アカギ）,2
2023-03-18,2023-03-18 11:00:00,シティリーグ,シティリーグ2023 シーズン3 オープンリーグ,トーナメントセンターバトロコ　水戸駅前,茨城県,77521,/event/detail/77521/result,9,0014353994,るっこら,gnNgnn-Tl9HfB-PgLN9L,42805,クララ,1
2023-03-18,2023-03-18 11:00:00,シティリーグ,シティリーグ2023 シーズン3 オープンリーグ,トーナメントセンターバトロコ　水戸駅前,茨城県,77521,/event/detail/77521/result,9,0014353994,るっこら,gnNgnn-Tl9HfB-PgLN9L,42624,ビーチコート,1
2023-03-18,2023-03-18 11:00:00,シティリーグ,シティリーグ2023 シーズン3 オープンリーグ,トーナメントセンターバトロコ　水戸駅前,茨城県,77521,/event/detail/77521/result,9,0014353994,るっこら,gnNgnn-Tl9HfB-PgLN9L,42430,シンオウ神殿,1
2023-03-18,2023-03-18 11:00:00,シティリーグ,シティリーグ2023 シーズン3 オープンリーグ,トーナメントセンターバトロコ　水戸駅前,茨城県,77521,/event/detail/77521/result,9,0014353994,るっこら,gnNgnn-Tl9HfB-PgLN9L,42812,頂への雪道,1
2023-03-18,2023-03-18 11:00:00,シティリーグ,シティリーグ2023 シーズン3 オープンリーグ,トーナメントセンターバトロコ　水戸駅前,茨城県,77521,/event/detail/77521/result,9,0014353994,るっこら,gnNgnn-Tl9HfB-PgLN9L,42783,基本超エネルギー,4
2023-03-18,2023-03-18 11:00:00,シティリーグ,シティリーグ2023 シーズン3 オープンリーグ,トーナメントセンターバトロコ　水戸駅前,茨城県,77521,/event/detail/77521/result,9,0014353994,るっこら,gnNgnn-Tl9HfB-PgLN9L,42779,基本草エネルギー,3
2023-03-18,2023-03-18 11:00:00,シティリーグ,シティリーグ2023 シーズン3 オープンリーグ,トーナメントセンターバトロコ　水戸駅前,茨城県,77521,/event/detail/77521/result,9,0014353994,るっこら,gnNgnn-Tl9HfB-PgLN9L,42781,基本水エネルギー,3
2023-03-18,2023-03-18 11:00:00,シティリーグ,シティリーグ2023 シーズン3 オープンリーグ,トーナメントセンターバトロコ　水戸駅前,茨城県,77521,/event/detail/77521/result,9,0014353994,るっこら,gnNgnn-Tl9HfB-PgLN9L,43037,ジェットエネルギー,2
2023-03-18,2023-03-18 11:00:00,シティリーグ,シティリーグ2023 シーズン3 オープンリーグ,トーナメントセンターバトロコ　水戸駅前,茨城県,77521,/event/detail/77521/result,9,0007677399,ごう,3MypUX-YZ3KNI-pp2X2M,42171,ルギアV,4
2023-03-18,2023-03-18 11:00:00,シティリーグ,シティリーグ2023 シーズン3 オープンリーグ,トーナメントセンターバトロコ　水戸駅前,茨城県,77521,/event/detail/77521/result,9,0007677399,ごう,3MypUX-YZ3KNI-pp2X2M,42172,ルギアVSTAR,3
2023-03-18,2023-03-18 11:00:00,シティリーグ,シティリーグ2023 シーズン3 オープンリーグ,トーナメントセンターバトロコ　水戸駅前,茨城県,77521,/event/detail/77521/result,9,0007677399,ごう,3MypUX-YZ3KNI-pp2X2M,42211,アーケオス,4
2023-03-18,2023-03-18 11:00:00,シティリーグ,シティリーグ2023 シーズン3 オープンリーグ,トーナメントセンターバトロコ　水戸駅前,茨城県,77521,/event/detail/77521/result,9,0007677399,ごう,3MypUX-YZ3KNI-pp2X2M,41770,カビゴン,2
2023-03-18,2023-03-18 11:00:00,シティリーグ,シティリーグ2023 シーズン3 オープンリーグ,トーナメントセンターバトロコ　水戸駅前,茨城県,77521,/event/detail/77521/result,9,0007677399,ごう,3MypUX-YZ3KNI-pp2X2M,42392,アヤシシV,1
2023-03-18,2023-03-18 11:00:00,シティリーグ,シティリーグ2023 シーズン3 オープンリーグ,トーナメントセンターバトロコ　水戸駅前,茨城県,77521,/event/detail/77521/result,9,0007677399,ごう,3MypUX-YZ3KNI-pp2X2M,40041,ノコッチ,1
2023-03-18,2023-03-18 11:00:00,シティリーグ,シティリーグ2023 シーズン3 オープンリーグ,トーナメントセンターバトロコ　水戸駅前,茨城県,77521,/event/detail/77521/result,9,0007677399,ごう,3MypUX-YZ3KNI-pp2X2M,42316,かがやくサーナイト,1
2023-03-18,2023-03-18 11:00:00,シティリーグ,シティリーグ2023 シーズン3 オープンリーグ,トーナメントセンターバトロコ　水戸駅前,茨城県,77521,/event/detail/77521/result,9,0007677399,ごう,3MypUX-YZ3KNI-pp2X2M,42346,ドラピオンV,1
2023-03-18,2023-03-18 11:00:00,シティリーグ,シティリーグ2023 シーズン3 オープンリーグ,トーナメントセンターバトロコ　水戸駅前,茨城県,77521,/event/detail/77521/result,9,0007677399,ごう,3MypUX-YZ3KNI-pp2X2M,42794,ネオラントV,2
2023-03-18,2023-03-18 11:00:00,シティリーグ,シティリーグ2023 シーズン3 オープンリーグ,トーナメントセンターバトロコ　水戸駅前,茨城県,77521,/event/detail/77521/result,9,0007677399,ごう,3MypUX-YZ3KNI-pp2X2M,36592,ネストボール,3
2023-03-18,2023-03-18 11:00:00,シティリーグ,シティリーグ2023 シーズン3 オープンリーグ,トーナメントセンターバトロコ　水戸駅前,茨城県,77521,/event/detail/77521/result,9,0007677399,ごう,3MypUX-YZ3KNI-pp2X2M,36307,ハイパーボール,4
2023-03-18,2023-03-18 11:00:00,シティリーグ,シティリーグ2023 シーズン3 オープンリーグ,トーナメントセンターバトロコ　水戸駅前,茨城県,77521,/event/detail/77521/result,9,0007677399,ごう,3MypUX-YZ3KNI-pp2X2M,42021,キャプチャーアロマ,4
2023-03-18,2023-03-18 11:00:00,シティリーグ,シティリーグ2023 シーズン3 オープンリーグ,トーナメントセンターバトロコ　水戸駅前,茨城県,77521,/event/detail/77521/result,9,0007677399,ごう,3MypUX-YZ3KNI-pp2X2M,40137,博士の研究（マグノリア博士）,3
2023-03-18,2023-03-18 11:00:00,シティリーグ,シティリーグ2023 シーズン3 オープンリーグ,トーナメントセンターバトロコ　水戸駅前,茨城県,77521,/event/detail/77521/result,9,0007677399,ごう,3MypUX-YZ3KNI-pp2X2M,42809,ヒガナの決意,2
2023-03-18,2023-03-18 11:00:00,シティリーグ,シティリーグ2023 シーズン3 オープンリーグ,トーナメントセンターバトロコ　水戸駅前,茨城県,77521,/event/detail/77521/result,9,0007677399,ごう,3MypUX-YZ3KNI-pp2X2M,43110,ジャッジマン,1
2023-03-18,2023-03-18 11:00:00,シティリーグ,シティリーグ2023 シーズン3 オープンリーグ,トーナメントセンターバトロコ　水戸駅前,茨城県,77521,/event/detail/77521/result,9,0007677399,ごう,3MypUX-YZ3KNI-pp2X2M,42508,チェレンの気くばり,1
2023-03-18,2023-03-18 11:00:00,シティリーグ,シティリーグ2023 シーズン3 オープンリーグ,トーナメントセンターバトロコ　水戸駅前,茨城県,77521,/event/detail/77521/result,9,0007677399,ごう,3MypUX-YZ3KNI-pp2X2M,39924,バーネット博士,1
2023-03-18,2023-03-18 11:00:00,シティリーグ,シティリーグ2023 シーズン3 オープンリーグ,トーナメントセンターバトロコ　水戸駅前,茨城県,77521,/event/detail/77521/result,9,0007677399,ごう,3MypUX-YZ3KNI-pp2X2M,42806,セレナ,2
2023-03-18,2023-03-18 11:00:00,シティリーグ,シティリーグ2023 シーズン3 オープンリーグ,トーナメントセンターバトロコ　水戸駅前,茨城県,77521,/event/detail/77521/result,9,0007677399,ごう,3MypUX-YZ3KNI-pp2X2M,42253,ボスの指令（アカギ）,1
2023-03-18,2023-03-18 11:00:00,シティリーグ,シティリーグ2023 シーズン3 オープンリーグ,トーナメントセンターバトロコ　水戸駅前,茨城県,77521,/event/detail/77521/result,9,0007677399,ごう,3MypUX-YZ3KNI-pp2X2M,42702,テーブルシティ,3
2023-03-18,2023-03-18 11:00:00,シティリーグ,シティリーグ2023 シーズン3 オープンリーグ,トーナメントセンターバトロコ　水戸駅前,茨城県,77521,/event/detail/77521/result,9,0007677399,ごう,3MypUX-YZ3KNI-pp2X2M,42428,崩れたスタジアム,1
2023-03-18,2023-03-18 11:00:00,シティリーグ,シティリーグ2023 シーズン3 オープンリーグ,トーナメントセンターバトロコ　水戸駅前,茨城県,77521,/event/detail/77521/result,9,0007677399,ごう,3MypUX-YZ3KNI-pp2X2M,43037,ジェットエネルギー,4
2023-03-18,2023-03-18 11:00:00,シティリーグ,シティリーグ2023 シーズン3 オープンリーグ,トーナメントセンターバトロコ　水戸駅前,茨城県,77521,/event/detail/77521/result,9,0007677399,ごう,3MypUX-YZ3KNI-pp2X2M,42814,ダブルターボエネルギー,4
2023-03-18,2023-03-18 11:00:00,シティリーグ,シティリーグ2023 シーズン3 オープンリーグ,トーナメントセンターバトロコ　水戸駅前,茨城県,77521,/event/detail/77521/result,9,0007677399,ごう,3MypUX-YZ3KNI-pp2X2M,42190,リゲインエネルギー,2
2023-03-18,2023-03-18 11:00:00,シティリーグ,シティリーグ2023 シーズン3 オープンリーグ,トーナメントセンターバトロコ　水戸駅前,茨城県,77521,/event/detail/77521/result,9,0007677399,ごう,3MypUX-YZ3KNI-pp2X2M,41904,ギフトエネルギー,2
2023-03-18,2023-03-18 11:00:00,シティリーグ,シティリーグ2023 シーズン3 オープンリーグ,トーナメントセンターバトロコ　水戸駅前,茨城県,77521,/event/detail/77521/result,9,0007677399,ごう,3MypUX-YZ3KNI-pp2X2M,42029,Vガードエネルギー,3
2023-03-18,2023-03-18 11:00:00,シティリーグ,シティリーグ2023 シーズン3 オープンリーグ,トーナメントセンターバトロコ　水戸駅前,茨城県,77521,/event/detail/77521/result,9,0036287422,ペリー,1VFfk1-ljHjU2-VfFwfF,42172,ルギアVSTAR,3
2023-03-18,2023-03-18 11:00:00,シティリーグ,シティリーグ2023 シーズン3 オープンリーグ,トーナメントセンターバトロコ　水戸駅前,茨城県,77521,/event/detail/77521/result,9,0036287422,ペリー,1VFfk1-ljHjU2-VfFwfF,42171,ルギアV,4
2023-03-18,2023-03-18 11:00:00,シティリーグ,シティリーグ2023 シーズン3 オープンリーグ,トーナメントセンターバトロコ　水戸駅前,茨城県,77521,/event/detail/77521/result,9,0036287422,ペリー,1VFfk1-ljHjU2-VfFwfF,42175,アーケオス,4
2023-03-18,2023-03-18 11:00:00,シティリーグ,シティリーグ2023 シーズン3 オープンリーグ,トーナメントセンターバトロコ　水戸駅前,茨城県,77521,/event/detail/77521/result,9,0036287422,ペリー,1VFfk1-ljHjU2-VfFwfF,40739,バンギラスV,2
2023-03-18,2023-03-18 11:00:00,シティリーグ,シティリーグ2023 シーズン3 オープンリーグ,トーナメントセンターバトロコ　水戸駅前,茨城県,77521,/event/detail/77521/result,9,0036287422,ペリー,1VFfk1-ljHjU2-VfFwfF,40723,イシヘンジン,2
2023-03-18,2023-03-18 11:00:00,シティリーグ,シティリーグ2023 シーズン3 オープンリーグ,トーナメントセンターバトロコ　水戸駅前,茨城県,77521,/event/detail/77521/result,9,0036287422,ペリー,1VFfk1-ljHjU2-VfFwfF,41577,カビゴン,1
2023-03-18,2023-03-18 11:00:00,シティリーグ,シティリーグ2023 シーズン3 オープンリーグ,トーナメントセンターバトロコ　水戸駅前,茨城県,77521,/event/detail/77521/result,9,0036287422,ペリー,1VFfk1-ljHjU2-VfFwfF,41970,かがやくアマージョ,1
2023-03-18,2023-03-18 11:00:00,シティリーグ,シティリーグ2023 シーズン3 オープンリーグ,トーナメントセンターバトロコ　水戸駅前,茨城県,77521,/event/detail/77521/result,9,0036287422,ペリー,1VFfk1-ljHjU2-VfFwfF,36858,ハイパーボール,4
2023-03-18,2023-03-18 11:00:00,シティリーグ,シティリーグ2023 シーズン3 オープンリーグ,トーナメントセンターバトロコ　水戸駅前,茨城県,77521,/event/detail/77521/result,9,0036287422,ペリー,1VFfk1-ljHjU2-VfFwfF,42021,キャプチャーアロマ,4
2023-03-18,2023-03-18 11:00:00,シティリーグ,シティリーグ2023 シーズン3 オープンリーグ,トーナメントセンターバトロコ　水戸駅前,茨城県,77521,/event/detail/77521/result,9,0036287422,ペリー,1VFfk1-ljHjU2-VfFwfF,40133,スーパーボール,2
2023-03-18,2023-03-18 11:00:00,シティリーグ,シティリーグ2023 シーズン3 オープンリーグ,トーナメントセンターバトロコ　水戸駅前,茨城県,77521,/event/detail/77521/result,9,0036287422,ペリー,1VFfk1-ljHjU2-VfFwfF,40837,活力の壺,2
2023-03-18,2023-03-18 11:00:00,シティリーグ,シティリーグ2023 シーズン3 オープンリーグ,トーナメントセンターバトロコ　水戸駅前,茨城県,77521,/event/detail/77521/result,9,0036287422,ペリー,1VFfk1-ljHjU2-VfFwfF,42406,こだわりベルト,2
2023-03-18,2023-03-18 11:00:00,シティリーグ,シティリーグ2023 シーズン3 オープンリーグ,トーナメントセンターバトロコ　水戸駅前,茨城県,77521,/event/detail/77521/result,9,0036287422,ペリー,1VFfk1-ljHjU2-VfFwfF,42806,セレナ,4
2023-03-18,2023-03-18 11:00:00,シティリーグ,シティリーグ2023 シーズン3 オープンリーグ,トーナメントセンターバトロコ　水戸駅前,茨城県,77521,/event/detail/77521/result,9,0036287422,ペリー,1VFfk1-ljHjU2-VfFwfF,40068,博士の研究（オーキド博士）,4
2023-03-18,2023-03-18 11:00:00,シティリーグ,シティリーグ2023 シーズン3 オープンリーグ,トーナメントセンターバトロコ　水戸駅前,茨城県,77521,/event/detail/77521/result,9,0036287422,ペリー,1VFfk1-ljHjU2-VfFwfF,42809,ヒガナの決意,1
2023-03-18,2023-03-18 11:00:00,シティリーグ,シティリーグ2023 シーズン3 オープンリーグ,トーナメントセンターバトロコ　水戸駅前,茨城県,77521,/event/detail/77521/result,9,0036287422,ペリー,1VFfk1-ljHjU2-VfFwfF,34761,ジャッジマン,1
2023-03-18,2023-03-18 11:00:00,シティリーグ,シティリーグ2023 シーズン3 オープンリーグ,トーナメントセンターバトロコ　水戸駅前,茨城県,77521,/event/detail/77521/result,9,0036287422,ペリー,1VFfk1-ljHjU2-VfFwfF,40139,ボスの指令（サカキ）,1
2023-03-18,2023-03-18 11:00:00,シティリーグ,シティリーグ2023 シーズン3 オープンリーグ,トーナメントセンターバトロコ　水戸駅前,茨城県,77521,/event/detail/77521/result,9,0036287422,ペリー,1VFfk1-ljHjU2-VfFwfF,40315,あくの塔,4
2023-03-18,2023-03-18 11:00:00,シティリーグ,シティリーグ2023 シーズン3 オープンリーグ,トーナメントセンターバトロコ　水戸駅前,茨城県,77521,/event/detail/77521/result,9,0036287422,ペリー,1VFfk1-ljHjU2-VfFwfF,40879,いちげきエネルギー,4
2023-03-18,2023-03-18 11:00:00,シティリーグ,シティリーグ2023 シーズン3 オープンリーグ,トーナメントセンターバトロコ　水戸駅前,茨城県,77521,/event/detail/77521/result,9,0036287422,ペリー,1VFfk1-ljHjU2-VfFwfF,42814,ダブルターボエネルギー,3
2023-03-18,2023-03-18 11:00:00,シティリーグ,シティリーグ2023 シーズン3 オープンリーグ,トーナメントセンターバトロコ　水戸駅前,茨城県,77521,/event/detail/77521/result,9,0036287422,ペリー,1VFfk1-ljHjU2-VfFwfF,43037,ジェットエネルギー,3
2023-03-18,2023-03-18 11:00:00,シティリーグ,シティリーグ2023 シーズン3 オープンリーグ,トーナメントセンターバトロコ　水戸駅前,茨城県,77521,/event/detail/77521/result,9,0036287422,ペリー,1VFfk1-ljHjU2-VfFwfF,42029,Vガードエネルギー,2
2023-03-18,2023-03-18 11:00:00,シティリーグ,シティリーグ2023 シーズン3 オープンリーグ,トーナメントセンターバトロコ　水戸駅前,茨城県,77521,/event/detail/77521/result,9,0036287422,ペリー,1VFfk1-ljHjU2-VfFwfF,41904,ギフトエネルギー,1
2023-03-18,2023-03-18 11:00:00,シティリーグ,シティリーグ2023 シーズン3 オープンリーグ,トーナメントセンターバトロコ　水戸駅前,茨城県,77521,/event/detail/77521/result,9,0036287422,ペリー,1VFfk1-ljHjU2-VfFwfF,42190,リゲインエネルギー,1
